0.274092580980273 0.297819165085581 0.40521602481337 0.557850485042767 0.780131066811993
0.225200192208231 0.331115512861274 0.593524593220309 0.620469956234125 0.828649688270534
0.269405984543006 0.426596407096252 0.654302533099113 0.743841314063044 0.916686654120884
0.034153980975141 0.26724812562955 0.30475428720894 0.594669493235521 0.747443449281899
0.00495994433024194 0.180349589361551 0.221919140061935 0.671226184183883 0.771158294800031
0.0304202399345748 0.0381390355956128 0.082389103394533 0.48306396380222 0.720719404575277
0.0229064241562753 0.182529653908897 0.308457564566769 0.452577068224109 0.900927657199471
0.144994201761588 0.316111808383603 0.421664139454794 0.597124408869703 0.940541067523746
0.0410942988818306 0.267558228306008 0.603870090211817 0.841838664828554 0.938742939035922
0.172213953663451 0.321196544160699 0.552969888473754 0.790619503645249 0.859917110671741
