rn1 0 999999 5502.000000
rn1 1000000 1999999 7544.000000
rn1 2000000 2999999 4644.000000
rn1 3000000 3999999 571.000000
rn1 4000000 4999999 3158.000000
rn1 5000000 5999999 5263.000000
rn1 6000000 6999999 6974.000000
rn1 7000000 7999999 4570.000000
rn1 8000000 8999999 1703.000000
rn1 9000000 9999999 295.000000
rn1 10000000 10999999 1069.000000
rn1 11000000 11999999 3286.000000
rn1 12000000 12999999 4135.000000
rn1 13000000 13999999 4573.000000
rn1 14000000 14999999 2014.000000
rn1 15000000 15999999 1887.000000
rn1 16000000 16999999 3308.000000
rn1 17000000 17999999 3023.000000
rn1 18000000 18999999 1757.000000
rn1 19000000 19999999 2849.000000
rn1 20000000 20999999 3514.000000
rn1 21000000 21999999 764.000000
rn1 22000000 22999999 3558.000000
rn1 23000000 23999999 4248.000000
rn1 24000000 24999999 4797.000000
rn1 25000000 25999999 347.000000
rn1 26000000 26999999 4479.000000
rn1 27000000 27999999 11732.000000
rn1 28000000 28999999 3163.000000
rn1 29000000 29999999 11522.000000
rn1 30000000 30999999 1460.000000
rn1 31000000 31999999 1190.000000
rn1 32000000 32999999 1188.000000
rn1 33000000 33999999 848.000000
rn1 34000000 34999999 16539.000000
rn1 35000000 35999999 2284.000000
rn1 36000000 36999999 8507.000000
rn1 37000000 37999999 3730.000000
rn1 38000000 38999999 310.000000
rn1 39000000 39999999 132.000000
rn1 40000000 40999999 1591.000000
rn1 41000000 41999999 20455.000000
rn1 42000000 42999999 6095.000000
rn1 44000000 44999999 1323.000000
rn1 45000000 45999999 11475.000000
rn1 46000000 46999999 4144.000000
rn1 47000000 47999999 2319.000000
rn1 48000000 48999999 3034.000000
rn1 49000000 49999999 6730.000000
rn1 50000000 50999999 4584.000000
rn1 51000000 51999999 4145.000000
rn1 52000000 52999999 3816.000000
rn1 54000000 54999999 10656.000000
rn1 55000000 55999999 3024.000000
rn1 56000000 56999999 9141.000000
rn1 57000000 57999999 3056.000000
rn1 58000000 58999999 17115.000000
rn1 59000000 59999999 14712.000000
rn1 60000000 60999999 8393.000000
rn1 61000000 61999999 12031.000000
rn1 62000000 62999999 14277.000000
rn1 63000000 63999999 5542.000000
rn1 64000000 64999999 18548.000000
rn1 65000000 65999999 22204.000000
rn1 66000000 66999999 11371.000000
rn1 67000000 67999999 38073.000000
rn1 68000000 68999999 18114.000000
rn1 69000000 69999999 2767.000000
rn1 70000000 70999999 13002.000000
rn1 71000000 71999999 2547.000000
rn1 72000000 72999999 11097.000000
rn1 73000000 73999999 10117.000000
rn1 74000000 74999999 1058.000000
rn1 75000000 75999999 1893.000000
rn1 76000000 76999999 44113.000000
rn1 77000000 77999999 3153.000000
rn1 78000000 78999999 45424.000000
rn1 79000000 79999999 24427.000000
rn1 80000000 80999999 33953.000000
rn1 81000000 81999999 9271.000000
rn1 82000000 82999999 50386.000000
rn1 83000000 83999999 21055.000000
rn1 84000000 84999999 70131.000000
rn1 85000000 85999999 45534.000000
rn1 86000000 86999999 16784.000000
rn1 87000000 87999999 2592.000000
rn1 88000000 88999999 4091.000000
rn1 89000000 89999999 651.000000
rn1 90000000 90999999 1638.000000
rn1 91000000 91999999 2693.000000
rn1 92000000 92999999 1326.000000
rn1 93000000 93999999 13242.000000
rn1 94000000 94999999 24535.000000
rn1 95000000 95999999 70349.000000
rn1 96000000 96999999 5229657.000000
rn1 97000000 97999999 102710.000000
rn1 98000000 98999999 43420.000000
rn1 99000000 99999999 70321.000000
rn1 100000000 100999999 17203.000000
rn1 101000000 101999999 98904.000000
rn1 102000000 102999999 226736.000000
rn1 103000000 103999999 269536.000000
rn1 104000000 104999999 2433345.000000
rn1 105000000 105999999 27795.000000
rn1 106000000 106999999 168623.000000
rn1 107000000 107999999 1498.000000
rn1 108000000 108999999 2825.000000
rn1 109000000 109999999 2477.000000
rn1 110000000 110999999 953.000000
rn1 111000000 111999999 13921.000000
rn1 112000000 112999999 1507.000000
rn1 113000000 113999999 10808.000000
rn1 114000000 114999999 2455.000000
rn1 115000000 115999999 5719.000000
rn1 116000000 116999999 3317.000000
rn1 117000000 117999999 2094.000000
rn1 118000000 118999999 4472.000000
rn1 119000000 119999999 188.000000
rn1 120000000 120999999 4045.000000
rn1 121000000 121999999 1929.000000
rn1 122000000 122999999 3908.000000
rn1 123000000 123999999 928.000000
rn1 124000000 124999999 2835.000000
rn1 125000000 125999999 1751.000000
rn1 126000000 126999999 1266.000000
rn1 128000000 128999999 2335.000000
rn1 129000000 129999999 1603.000000
rn1 130000000 130999999 1407.000000
rn1 131000000 131999999 3967.000000
rn1 132000000 132999999 520.000000
rn1 133000000 133999999 1723.000000
rn1 134000000 134999999 4997.000000
rn1 135000000 135999999 1993.000000
rn1 136000000 136999999 7333.000000
rn1 137000000 137999999 5672.000000
rn1 138000000 138999999 6487.000000
rn1 139000000 139999999 1143.000000
rn1 140000000 140999999 761.000000
rn1 141000000 141999999 6876.000000
rn1 142000000 142999999 122560.000000
rn1 143000000 143999999 72733356.000000
rn1 144000000 144999999 9811.000000
rn1 145000000 145999999 63390.000000
rn1 146000000 146999999 13073.000000
rn1 147000000 147999999 5220.000000
rn1 148000000 148999999 3605.000000
rn1 149000000 149999999 79233.000000
rn1 150000000 150999999 8325.000000
rn1 151000000 151999999 16613.000000
rn1 152000000 152999999 4259.000000
rn1 153000000 153999999 1600.000000
rn1 154000000 154999999 4311.000000
rn1 155000000 155999999 22461.000000
rn1 156000000 156999999 8442.000000
rn1 157000000 157999999 29309.000000
rn1 158000000 158999999 7168.000000
rn1 159000000 159999999 15132412.000000
rn1 160000000 160999999 331492.000000
rn1 161000000 161999999 232540.000000
rn1 162000000 162999999 366840.000000
rn1 163000000 163999999 112359.000000
rn1 164000000 164999999 93391.000000
rn1 165000000 165999999 147526.000000
rn1 166000000 166999999 262919.000000
rn1 167000000 167999999 3705.000000
rn1 168000000 168999999 4471.000000
rn1 169000000 169999999 2702.000000
rn1 170000000 170999999 2831.000000
rn1 171000000 171999999 13048.000000
rn1 172000000 172999999 26259.000000
rn1 173000000 173999999 6621.000000
rn1 174000000 174999999 5156.000000
rn1 175000000 175999999 194.000000
rn1 176000000 176999999 15043.000000
rn1 177000000 177999999 3300.000000
rn1 178000000 178999999 99.000000
rn1 179000000 179999999 5201.000000
rn1 180000000 180999999 1321.000000
rn1 181000000 181999999 2489.000000
rn1 182000000 182999999 2073.000000
rn1 183000000 183999999 3181.000000
rn1 184000000 184999999 338.000000
rn1 185000000 185999999 10749.000000
rn1 186000000 186999999 11517.000000
rn1 187000000 187999999 20394.000000
rn1 188000000 188999999 1312.000000
rn1 189000000 189999999 1273.000000
rn1 190000000 190999999 7397.000000
rn1 191000000 191999999 1714.000000
rn1 192000000 192999999 16958.000000
rn1 193000000 193999999 2056.000000
rn1 194000000 194999999 188.000000
rn1 195000000 195999999 439.000000
rn1 197000000 197999999 1103.000000
rn1 198000000 198999999 687.000000
rn1 199000000 199999999 4742.000000
rn1 200000000 200999999 37284.000000
rn1 201000000 201999999 3172031.000000
rn1 202000000 202999999 120590.000000
rn1 203000000 203999999 16643.000000
rn1 204000000 204999999 9365.000000
rn1 205000000 205999999 8509.000000
rn1 206000000 206999999 44301.000000
rn1 207000000 207999999 22627.000000
rn1 208000000 208999999 25629.000000
rn1 209000000 209999999 24731.000000
rn1 210000000 210999999 62932.000000
rn1 211000000 211999999 52644.000000
rn1 212000000 212999999 47907.000000
rn1 213000000 213999999 80853.000000
rn1 214000000 214999999 199058.000000
rn1 215000000 215999999 215455.000000
rn1 216000000 216999999 410047.000000
rn1 217000000 217999999 90190.000000
rn1 218000000 218999999 933.000000
rn1 219000000 219999999 2725.000000
rn1 220000000 220999999 1173.000000
rn1 221000000 221999999 1045.000000
rn1 222000000 222999999 3991.000000
rn1 223000000 223999999 1934.000000
rn1 224000000 224999999 3821.000000
rn1 225000000 225999999 2026.000000
rn1 226000000 226999999 3276.000000
rn1 227000000 227999999 4211.000000
rn1 228000000 228999999 13427.000000
rn1 229000000 229999999 730.000000
rn1 230000000 230999999 2156.000000
rn1 231000000 231999999 881.000000
rn1 232000000 232999999 6482.000000
rn1 233000000 233999999 3920.000000
rn1 234000000 234999999 3947.000000
rn1 235000000 235999999 580.000000
rn1 236000000 236999999 2057.000000
rn1 237000000 237999999 2272.000000
rn1 238000000 238999999 10504.000000
rn1 239000000 239999999 2401.000000
rn1 240000000 240999999 3996.000000
rn1 241000000 241999999 5060.000000
rn1 242000000 242999999 942.000000
rn1 243000000 243999999 8513.000000
rn1 245000000 245999999 3570.000000
rn1 246000000 246999999 461.000000
rn1 247000000 247999999 3825.000000
rn1 248000000 248999999 1435.000000
rn1 249000000 249999999 7755.000000
rn1 250000000 250999999 2798.000000
rn1 251000000 251999999 9902.000000
rn1 252000000 252999999 4195.000000
rn1 253000000 253999999 2471.000000
rn1 254000000 254999999 2138.000000
rn1 255000000 255999999 2644.000000
rn1 256000000 256999999 637.000000
rn1 257000000 257999999 3166.000000
rn1 258000000 258999999 5851.000000
rn1 259000000 259999999 2701.000000
rn1 260000000 260999999 303.000000
rn1 261000000 261999999 1469.000000
rn1 262000000 262999999 259.000000
rn1 263000000 263999999 3033.000000
rn1 264000000 264999999 1534.000000
rn1 265000000 265999999 1839.000000
rn1 266000000 266999999 2461.000000
rn1 267000000 267999999 3297.000000
