rn1 1000000 1999999 1947.000000
rn1 2000000 2999999 3068.000000
rn1 3000000 3999999 5277.000000
rn1 4000000 4999999 1234.000000
rn1 5000000 5999999 1640.000000
rn1 6000000 6999999 3723.000000
rn1 7000000 7999999 10748.000000
rn1 8000000 8999999 759.000000
rn1 9000000 9999999 990.000000
rn1 10000000 10999999 948.000000
rn1 11000000 11999999 3661.000000
rn1 12000000 12999999 3516.000000
rn1 13000000 13999999 790.000000
rn1 14000000 14999999 2435.000000
rn1 15000000 15999999 1908.000000
rn1 16000000 16999999 12914.000000
rn1 17000000 17999999 3707.000000
rn1 18000000 18999999 1961.000000
rn1 19000000 19999999 1739.000000
rn1 20000000 20999999 1702.000000
rn1 21000000 21999999 747.000000
rn1 22000000 22999999 3813.000000
rn1 23000000 23999999 2137.000000
rn1 24000000 24999999 3725.000000
rn1 25000000 25999999 962.000000
rn1 26000000 26999999 5967.000000
rn1 27000000 27999999 3418.000000
rn1 28000000 28999999 2817.000000
rn1 29000000 29999999 6336.000000
rn1 33000000 33999999 965.000000
rn1 34000000 34999999 4009.000000
rn1 35000000 35999999 1875.000000
rn1 36000000 36999999 12155.000000
rn1 37000000 37999999 3823.000000
rn1 38000000 38999999 467.000000
rn1 39000000 39999999 245.000000
rn1 40000000 40999999 4015.000000
rn1 41000000 41999999 2716.000000
rn1 42000000 42999999 3872.000000
rn1 43000000 43999999 1620.000000
rn1 44000000 44999999 1978.000000
rn1 45000000 45999999 4442.000000
rn1 46000000 46999999 2450.000000
rn1 47000000 47999999 4047.000000
rn1 48000000 48999999 1936.000000
rn1 49000000 49999999 6837.000000
rn1 50000000 50999999 6514.000000
rn1 51000000 51999999 6974.000000
rn1 52000000 52999999 5215.000000
rn1 54000000 54999999 4474.000000
rn1 55000000 55999999 3613.000000
rn1 56000000 56999999 7230.000000
rn1 57000000 57999999 7660.000000
rn1 58000000 58999999 14669.000000
rn1 59000000 59999999 23286.000000
rn1 60000000 60999999 10856.000000
rn1 61000000 61999999 2107.000000
rn1 62000000 62999999 11300.000000
rn1 63000000 63999999 8491.000000
rn1 64000000 64999999 7686.000000
rn1 65000000 65999999 19313.000000
rn1 66000000 66999999 2799.000000
rn1 67000000 67999999 15299.000000
rn1 68000000 68999999 197.000000
rn1 70000000 70999999 8675.000000
rn1 71000000 71999999 4980.000000
rn1 72000000 72999999 8947.000000
rn1 73000000 73999999 1714.000000
rn1 74000000 74999999 414.000000
rn1 75000000 75999999 8029.000000
rn1 76000000 76999999 6580.000000
rn1 77000000 77999999 2328.000000
rn1 78000000 78999999 5102.000000
rn1 79000000 79999999 15058.000000
rn1 80000000 80999999 17080.000000
rn1 81000000 81999999 2308.000000
rn1 82000000 82999999 6946.000000
rn1 83000000 83999999 13030.000000
rn1 84000000 84999999 30908.000000
rn1 85000000 85999999 9702.000000
rn1 86000000 86999999 11620.000000
rn1 87000000 87999999 4469.000000
rn1 88000000 88999999 3916.000000
rn1 89000000 89999999 1760.000000
rn1 90000000 90999999 6748.000000
rn1 91000000 91999999 2318.000000
rn1 92000000 92999999 2210.000000
rn1 93000000 93999999 9565.000000
rn1 94000000 94999999 1468.000000
rn1 95000000 95999999 7150.000000
rn1 96000000 96999999 3079.000000
rn1 97000000 97999999 23221.000000
rn1 98000000 98999999 8201.000000
rn1 99000000 99999999 246.000000
rn1 100000000 100999999 2709.000000
rn1 101000000 101999999 9030.000000
rn1 102000000 102999999 4655.000000
rn1 103000000 103999999 2854.000000
rn1 104000000 104999999 449.000000
rn1 106000000 106999999 8245.000000
rn1 107000000 107999999 5735.000000
rn1 108000000 108999999 8065.000000
rn1 109000000 109999999 4603.000000
rn1 110000000 110999999 11494.000000
rn1 111000000 111999999 1912.000000
rn1 114000000 114999999 1268.000000
rn1 116000000 116999999 3418.000000
rn1 117000000 117999999 217.000000
rn1 118000000 118999999 2585.000000
rn1 119000000 119999999 661.000000
rn1 120000000 120999999 1010.000000
rn1 121000000 121999999 2014.000000
rn1 122000000 122999999 5194.000000
rn1 123000000 123999999 1624.000000
rn1 124000000 124999999 2348.000000
rn1 125000000 125999999 1554.000000
rn1 126000000 126999999 721.000000
rn1 127000000 127999999 214.000000
rn1 128000000 128999999 2000.000000
rn1 129000000 129999999 1512.000000
rn1 130000000 130999999 342.000000
rn1 131000000 131999999 6184.000000
rn1 132000000 132999999 263.000000
rn1 133000000 133999999 1861.000000
rn1 134000000 134999999 1685.000000
rn1 135000000 135999999 3416.000000
rn1 136000000 136999999 3590.000000
rn1 137000000 137999999 1833.000000
rn1 138000000 138999999 9814.000000
rn1 139000000 139999999 524.000000
rn1 140000000 140999999 2205.000000
rn1 141000000 141999999 3087.000000
rn1 142000000 142999999 21320.000000
rn1 143000000 143999999 1263.000000
rn1 144000000 144999999 1934.000000
rn1 145000000 145999999 67.000000
rn1 146000000 146999999 12025.000000
rn1 147000000 147999999 1888.000000
rn1 148000000 148999999 856.000000
rn1 149000000 149999999 13049.000000
rn1 150000000 150999999 4816.000000
rn1 151000000 151999999 2499.000000
rn1 152000000 152999999 4041.000000
rn1 153000000 153999999 918.000000
rn1 154000000 154999999 34105.000000
rn1 155000000 155999999 16838.000000
rn1 156000000 156999999 1770.000000
rn1 157000000 157999999 16592.000000
rn1 158000000 158999999 5299.000000
rn1 159000000 159999999 20757.000000
rn1 160000000 160999999 12945.000000
rn1 161000000 161999999 13467.000000
rn1 162000000 162999999 14059.000000
rn1 163000000 163999999 30901.000000
rn1 164000000 164999999 27228.000000
rn1 165000000 165999999 29330.000000
rn1 166000000 166999999 20705.000000
rn1 167000000 167999999 19109.000000
rn1 168000000 168999999 3622.000000
rn1 169000000 169999999 1642.000000
rn1 170000000 170999999 226.000000
rn1 171000000 171999999 3646.000000
rn1 172000000 172999999 4466.000000
rn1 173000000 173999999 166.000000
rn1 174000000 174999999 1656.000000
rn1 175000000 175999999 1803.000000
rn1 176000000 176999999 8446.000000
rn1 177000000 177999999 3196.000000
rn1 178000000 178999999 805.000000
rn1 179000000 179999999 14450.000000
rn1 180000000 180999999 13595.000000
rn1 181000000 181999999 2264.000000
rn1 182000000 182999999 1967.000000
rn1 183000000 183999999 3276.000000
rn1 184000000 184999999 73.000000
rn1 185000000 185999999 6349.000000
rn1 186000000 186999999 16145.000000
rn1 187000000 187999999 6546.000000
rn1 188000000 188999999 1550.000000
rn1 189000000 189999999 24298.000000
rn1 190000000 190999999 7490.000000
rn1 191000000 191999999 2634.000000
rn1 192000000 192999999 10101.000000
rn1 193000000 193999999 1748.000000
rn1 194000000 194999999 2557.000000
rn1 195000000 195999999 534.000000
rn1 196000000 196999999 592.000000
rn1 197000000 197999999 1825.000000
rn1 198000000 198999999 27921.000000
rn1 199000000 199999999 9657.000000
rn1 200000000 200999999 24465.000000
rn1 201000000 201999999 8293.000000
rn1 202000000 202999999 166.000000
rn1 203000000 203999999 428.000000
rn1 204000000 204999999 2227.000000
rn1 205000000 205999999 6985.000000
rn1 206000000 206999999 9386.000000
rn1 207000000 207999999 29079.000000
rn1 208000000 208999999 14109.000000
rn1 209000000 209999999 21428.000000
rn1 210000000 210999999 14250.000000
rn1 211000000 211999999 13387.000000
rn1 212000000 212999999 9137.000000
rn1 213000000 213999999 5004.000000
rn1 214000000 214999999 12115.000000
rn1 215000000 215999999 17139.000000
rn1 216000000 216999999 38448.000000
rn1 217000000 217999999 3934.000000
rn1 218000000 218999999 1027.000000
rn1 219000000 219999999 476.000000
rn1 220000000 220999999 5197.000000
rn1 221000000 221999999 1711.000000
rn1 222000000 222999999 5245.000000
rn1 223000000 223999999 5962.000000
rn1 224000000 224999999 4159.000000
rn1 225000000 225999999 1654.000000
rn1 226000000 226999999 4105.000000
rn1 227000000 227999999 3593.000000
rn1 228000000 228999999 6493.000000
rn1 229000000 229999999 623.000000
rn1 230000000 230999999 6142.000000
rn1 231000000 231999999 2848.000000
rn1 232000000 232999999 6222.000000
rn1 233000000 233999999 61561.000000
rn1 234000000 234999999 6239.000000
rn1 235000000 235999999 3540.000000
rn1 236000000 236999999 3929.000000
rn1 238000000 238999999 3074.000000
rn1 239000000 239999999 3920.000000
rn1 240000000 240999999 4979.000000
rn1 241000000 241999999 9149.000000
rn1 242000000 242999999 15330.000000
rn1 243000000 243999999 2707.000000
rn1 244000000 244999999 198.000000
rn1 245000000 245999999 4202.000000
rn1 246000000 246999999 20677.000000
rn1 247000000 247999999 1777.000000
rn1 248000000 248999999 6909.000000
rn1 249000000 249999999 15010.000000
rn1 250000000 250999999 2038.000000
rn1 251000000 251999999 12165.000000
rn1 252000000 252999999 5137.000000
rn1 253000000 253999999 3428.000000
rn1 254000000 254999999 2869.000000
rn1 255000000 255999999 3586.000000
rn1 256000000 256999999 1394.000000
rn1 258000000 258999999 3719.000000
rn1 259000000 259999999 12714.000000
rn1 260000000 260999999 103.000000
rn1 261000000 261999999 6066.000000
rn1 262000000 262999999 2302.000000
rn1 263000000 263999999 7191.000000
rn1 264000000 264999999 2368.000000
rn1 265000000 265999999 643.000000
rn1 266000000 266999999 1308.000000
rn1 267000000 267999999 5952.000000
