mm1 3000000 3999999 4393.000000
mm1 4000000 4999999 19770.000000
mm1 5000000 5999999 2913.000000
mm1 6000000 6999999 2116.000000
mm1 7000000 7999999 2390.000000
mm1 8000000 8999999 740.000000
mm1 9000000 9999999 8834.000000
mm1 10000000 10999999 2927.000000
mm1 11000000 11999999 1822.000000
mm1 12000000 12999999 3809.000000
mm1 13000000 13999999 30346.000000
mm1 14000000 14999999 2704.000000
mm1 15000000 15999999 19628.000000
mm1 16000000 16999999 7446.000000
mm1 17000000 17999999 7005.000000
mm1 19000000 19999999 3123.000000
mm1 20000000 20999999 3518.000000
mm1 21000000 21999999 2036.000000
mm1 22000000 22999999 2116.000000
mm1 23000000 23999999 2293.000000
mm1 24000000 24999999 7838.000000
mm1 25000000 25999999 2688.000000
mm1 26000000 26999999 652.000000
mm1 27000000 27999999 574.000000
mm1 28000000 28999999 6409.000000
mm1 29000000 29999999 3162.000000
mm1 30000000 30999999 729.000000
mm1 31000000 31999999 3102.000000
mm1 32000000 32999999 1047.000000
mm1 33000000 33999999 2050.000000
mm1 34000000 34999999 1483.000000
mm1 35000000 35999999 245.000000
mm1 36000000 36999999 4389.000000
mm1 37000000 37999999 7116.000000
mm1 38000000 38999999 9652.000000
mm1 39000000 39999999 19381.000000
mm1 40000000 40999999 2853.000000
mm1 41000000 41999999 46.000000
mm1 42000000 42999999 2952.000000
mm1 43000000 43999999 1581.000000
mm1 44000000 44999999 5307.000000
mm1 45000000 45999999 3502.000000
mm1 46000000 46999999 4514.000000
mm1 47000000 47999999 2831.000000
mm1 48000000 48999999 5573.000000
mm1 49000000 49999999 5100.000000
mm1 50000000 50999999 655.000000
mm1 51000000 51999999 3622.000000
mm1 52000000 52999999 8406.000000
mm1 53000000 53999999 1441.000000
mm1 54000000 54999999 161.000000
mm1 55000000 55999999 17189.000000
mm1 56000000 56999999 550.000000
mm1 57000000 57999999 3605.000000
mm1 58000000 58999999 2380.000000
mm1 59000000 59999999 3710.000000
mm1 60000000 60999999 23340.000000
mm1 61000000 61999999 2978.000000
mm1 62000000 62999999 2716.000000
mm1 63000000 63999999 8413.000000
mm1 64000000 64999999 3607.000000
mm1 65000000 65999999 3984.000000
mm1 66000000 66999999 6319.000000
mm1 67000000 67999999 583.000000
mm1 68000000 68999999 757.000000
mm1 69000000 69999999 1084.000000
mm1 70000000 70999999 1173.000000
mm1 71000000 71999999 7490.000000
mm1 72000000 72999999 5915.000000
mm1 73000000 73999999 1238.000000
mm1 74000000 74999999 461.000000
mm1 75000000 75999999 11840.000000
mm1 76000000 76999999 1156.000000
mm1 77000000 77999999 9234.000000
mm1 78000000 78999999 1295.000000
mm1 79000000 79999999 3179.000000
mm1 80000000 80999999 1580.000000
mm1 81000000 81999999 4691.000000
mm1 82000000 82999999 1119.000000
mm1 83000000 83999999 2001.000000
mm1 84000000 84999999 1860.000000
mm1 85000000 85999999 714.000000
mm1 87000000 87999999 6419.000000
mm1 88000000 88999999 2217.000000
mm1 89000000 89999999 5504.000000
mm1 90000000 90999999 5735.000000
mm1 91000000 91999999 8721.000000
mm1 93000000 93999999 2656.000000
mm1 94000000 94999999 8509.000000
mm1 95000000 95999999 5705.000000
mm1 96000000 96999999 3069.000000
mm1 97000000 97999999 537.000000
mm1 98000000 98999999 2061.000000
mm1 99000000 99999999 1429.000000
mm1 100000000 100999999 2083.000000
mm1 101000000 101999999 1285.000000
mm1 102000000 102999999 1282.000000
mm1 103000000 103999999 1816.000000
mm1 105000000 105999999 696.000000
mm1 106000000 106999999 5668.000000
mm1 107000000 107999999 9447.000000
mm1 108000000 108999999 2110.000000
mm1 109000000 109999999 1759.000000
mm1 110000000 110999999 1722.000000
mm1 111000000 111999999 1737.000000
mm1 112000000 112999999 939.000000
mm1 113000000 113999999 709.000000
mm1 114000000 114999999 1527.000000
mm1 115000000 115999999 1008.000000
mm1 117000000 117999999 941.000000
mm1 118000000 118999999 2859.000000
mm1 119000000 119999999 21540.000000
mm1 120000000 120999999 15294.000000
mm1 121000000 121999999 5287.000000
mm1 122000000 122999999 1276.000000
mm1 123000000 123999999 4171.000000
mm1 124000000 124999999 1041.000000
mm1 125000000 125999999 5637.000000
mm1 126000000 126999999 1103.000000
mm1 127000000 127999999 18121.000000
mm1 128000000 128999999 1491.000000
mm1 129000000 129999999 2999.000000
mm1 130000000 130999999 7105.000000
mm1 131000000 131999999 3185.000000
mm1 132000000 132999999 581.000000
mm1 133000000 133999999 7627.000000
mm1 134000000 134999999 1464.000000
mm1 135000000 135999999 3519.000000
mm1 136000000 136999999 7035.000000
mm1 137000000 137999999 2246.000000
mm1 138000000 138999999 4113.000000
mm1 139000000 139999999 116.000000
mm1 140000000 140999999 3003.000000
mm1 141000000 141999999 911.000000
mm1 142000000 142999999 2859.000000
mm1 143000000 143999999 1494.000000
mm1 144000000 144999999 3257.000000
mm1 145000000 145999999 3009.000000
mm1 146000000 146999999 858.000000
mm1 147000000 147999999 6906.000000
mm1 148000000 148999999 2371.000000
mm1 149000000 149999999 842.000000
mm1 150000000 150999999 1749.000000
mm1 151000000 151999999 4159.000000
mm1 152000000 152999999 2114.000000
mm1 153000000 153999999 4908.000000
mm1 154000000 154999999 5119.000000
mm1 155000000 155999999 2334.000000
mm1 156000000 156999999 1207.000000
mm1 157000000 157999999 4681.000000
mm1 158000000 158999999 2589.000000
mm1 159000000 159999999 20656.000000
mm1 160000000 160999999 1635.000000
mm1 161000000 161999999 5622.000000
mm1 162000000 162999999 783.000000
mm1 163000000 163999999 14843.000000
mm1 164000000 164999999 3166.000000
mm1 165000000 165999999 2502.000000
mm1 166000000 166999999 11890.000000
mm1 167000000 167999999 5732.000000
mm1 168000000 168999999 1713.000000
mm1 169000000 169999999 1793.000000
mm1 171000000 171999999 4874.000000
mm1 172000000 172999999 2371.000000
mm1 173000000 173999999 1812.000000
mm1 174000000 174999999 4310.000000
mm1 175000000 175999999 5846.000000
mm1 176000000 176999999 12448.000000
mm1 177000000 177999999 4096.000000
mm1 178000000 178999999 122628.000000
mm1 179000000 179999999 3005.000000
mm1 180000000 180999999 2531.000000
mm1 181000000 181999999 4248.000000
mm1 182000000 182999999 14431.000000
mm1 183000000 183999999 5411.000000
mm1 184000000 184999999 2675.000000
mm1 185000000 185999999 1750.000000
mm1 186000000 186999999 3375.000000
mm1 187000000 187999999 3111.000000
mm1 188000000 188999999 4720.000000
mm1 189000000 189999999 549.000000
mm1 190000000 190999999 407.000000
mm1 191000000 191999999 242.000000
mm1 192000000 192999999 1848.000000
mm1 193000000 193999999 2682.000000
mm1 194000000 194999999 7504.000000
mm1 195000000 195999999 1021.000000
mm1 196000000 196999999 1149.000000
mm1 197000000 197999999 612.000000
