rn1 0 999999 3214.000000
rn1 1000000 1999999 65212.000000
rn1 2000000 2999999 14549537.000000
rn1 3000000 3999999 637.000000
rn1 4000000 4999999 6182.000000
rn1 5000000 5999999 36646.000000
rn1 6000000 6999999 14466.000000
rn1 7000000 7999999 7561.000000
rn1 8000000 8999999 3969.000000
rn1 9000000 9999999 42489.000000
rn1 10000000 10999999 7052.000000
rn1 11000000 11999999 5191.000000
rn1 12000000 12999999 20308.000000
rn1 13000000 13999999 8752.000000
rn1 14000000 14999999 16303.000000
rn1 15000000 15999999 6433.000000
rn1 16000000 16999999 30130013.000000
rn1 17000000 17999999 6836.000000
rn1 18000000 18999999 5502.000000
rn1 19000000 19999999 8471.000000
rn1 20000000 20999999 24068.000000
rn1 21000000 21999999 88235.000000
rn1 22000000 22999999 14365.000000
rn1 23000000 23999999 4208.000000
rn1 24000000 24999999 5298289.000000
rn1 25000000 25999999 23134.000000
rn1 26000000 26999999 7041.000000
rn1 27000000 27999999 15574.000000
rn1 28000000 28999999 6280.000000
rn1 29000000 29999999 43552.000000
rn1 30000000 30999999 5076.000000
rn1 31000000 31999999 4326.000000
rn1 32000000 32999999 5138.000000
rn1 33000000 33999999 5260.000000
rn1 34000000 34999999 11781.000000
rn1 35000000 35999999 3715.000000
rn1 36000000 36999999 250329.000000
rn1 37000000 37999999 4520.000000
rn1 38000000 38999999 2147.000000
rn1 39000000 39999999 2039.000000
rn1 40000000 40999999 36219.000000
rn1 41000000 41999999 35169.000000
rn1 42000000 42999999 98921.000000
rn1 43000000 43999999 1920.000000
rn1 44000000 44999999 2690.000000
rn1 45000000 45999999 4687.000000
rn1 46000000 46999999 2373.000000
rn1 47000000 47999999 1787749.000000
rn1 48000000 48999999 112963.000000
rn1 49000000 49999999 18150.000000
rn1 50000000 50999999 117541.000000
rn1 51000000 51999999 68550.000000
rn1 52000000 52999999 57706.000000
rn1 53000000 53999999 1411737.000000
rn1 54000000 54999999 6603.000000
rn1 55000000 55999999 3671.000000
rn1 56000000 56999999 1677.000000
rn1 57000000 57999999 6115.000000
rn1 58000000 58999999 12555.000000
rn1 59000000 59999999 15083.000000
rn1 60000000 60999999 7754.000000
rn1 61000000 61999999 7830.000000
rn1 62000000 62999999 19230.000000
rn1 63000000 63999999 9174.000000
rn1 64000000 64999999 11537.000000
rn1 65000000 65999999 23035.000000
rn1 66000000 66999999 4649.000000
rn1 67000000 67999999 9515.000000
rn1 68000000 68999999 1244.000000
rn1 69000000 69999999 665.000000
rn1 70000000 70999999 22357.000000
rn1 71000000 71999999 10009.000000
rn1 72000000 72999999 29437.000000
rn1 73000000 73999999 14978.000000
rn1 74000000 74999999 2319.000000
rn1 75000000 75999999 3886.000000
rn1 76000000 76999999 9190.000000
rn1 77000000 77999999 3518.000000
rn1 78000000 78999999 18340.000000
rn1 79000000 79999999 16631.000000
rn1 80000000 80999999 23054.000000
rn1 81000000 81999999 5141.000000
rn1 82000000 82999999 10740.000000
rn1 83000000 83999999 21774.000000
rn1 84000000 84999999 23600.000000
rn1 85000000 85999999 21100.000000
rn1 86000000 86999999 32113.000000
rn1 87000000 87999999 2378.000000
rn1 88000000 88999999 13101.000000
rn1 89000000 89999999 2309.000000
rn1 90000000 90999999 4947.000000
rn1 91000000 91999999 425.000000
rn1 92000000 92999999 8442.000000
rn1 93000000 93999999 16115.000000
rn1 94000000 94999999 1964.000000
rn1 95000000 95999999 27381.000000
rn1 97000000 97999999 20903.000000
rn1 98000000 98999999 7027.000000
rn1 100000000 100999999 1778.000000
rn1 101000000 101999999 3015.000000
rn1 102000000 102999999 7369.000000
rn1 103000000 103999999 7192.000000
rn1 104000000 104999999 2179.000000
rn1 105000000 105999999 257.000000
rn1 106000000 106999999 10232.000000
rn1 107000000 107999999 12056.000000
rn1 108000000 108999999 4628.000000
rn1 109000000 109999999 2364.000000
rn1 110000000 110999999 959.000000
rn1 111000000 111999999 5400.000000
rn1 112000000 112999999 1535.000000
rn1 113000000 113999999 9678.000000
rn1 114000000 114999999 1009.000000
rn1 115000000 115999999 1364.000000
rn1 116000000 116999999 8346.000000
rn1 117000000 117999999 104.000000
rn1 118000000 118999999 5960.000000
rn1 119000000 119999999 1240.000000
rn1 120000000 120999999 702.000000
rn1 121000000 121999999 3301.000000
rn1 122000000 122999999 5201.000000
rn1 123000000 123999999 1189.000000
rn1 124000000 124999999 2611.000000
rn1 125000000 125999999 2598.000000
rn1 126000000 126999999 663.000000
rn1 128000000 128999999 3413.000000
rn1 129000000 129999999 4106.000000
rn1 130000000 130999999 2425.000000
rn1 131000000 131999999 5341.000000
rn1 132000000 132999999 745.000000
rn1 133000000 133999999 962.000000
rn1 134000000 134999999 9309.000000
rn1 135000000 135999999 9204.000000
rn1 136000000 136999999 11793.000000
rn1 137000000 137999999 6029.000000
rn1 138000000 138999999 3447.000000
rn1 139000000 139999999 1524.000000
rn1 140000000 140999999 527.000000
rn1 141000000 141999999 5612.000000
rn1 142000000 142999999 27476.000000
rn1 143000000 143999999 2877.000000
rn1 144000000 144999999 5568.000000
rn1 145000000 145999999 2544.000000
rn1 146000000 146999999 14466.000000
rn1 147000000 147999999 3665.000000
rn1 148000000 148999999 453.000000
rn1 149000000 149999999 5614.000000
rn1 150000000 150999999 6690.000000
rn1 151000000 151999999 1215.000000
rn1 152000000 152999999 1902.000000
rn1 154000000 154999999 14215.000000
rn1 155000000 155999999 19553.000000
rn1 156000000 156999999 7569.000000
rn1 157000000 157999999 11026.000000
rn1 158000000 158999999 4138.000000
rn1 159000000 159999999 4833.000000
rn1 160000000 160999999 23742.000000
rn1 161000000 161999999 24814.000000
rn1 162000000 162999999 29326.000000
rn1 163000000 163999999 15969.000000
rn1 164000000 164999999 29546.000000
rn1 165000000 165999999 33373.000000
rn1 166000000 166999999 20459.000000
rn1 167000000 167999999 35599.000000
rn1 168000000 168999999 3210.000000
rn1 169000000 169999999 1902.000000
rn1 170000000 170999999 9103.000000
rn1 171000000 171999999 14231.000000
rn1 172000000 172999999 3964.000000
rn1 173000000 173999999 120.000000
rn1 174000000 174999999 770.000000
rn1 175000000 175999999 1926.000000
rn1 176000000 176999999 10332.000000
rn1 177000000 177999999 5592.000000
rn1 178000000 178999999 85.000000
rn1 179000000 179999999 11998.000000
rn1 180000000 180999999 7133.000000
rn1 181000000 181999999 2962.000000
rn1 182000000 182999999 5057.000000
rn1 183000000 183999999 3544.000000
rn1 184000000 184999999 179.000000
rn1 185000000 185999999 5433.000000
rn1 186000000 186999999 11047.000000
rn1 187000000 187999999 9656.000000
rn1 188000000 188999999 3697.000000
rn1 189000000 189999999 5225.000000
rn1 190000000 190999999 146.000000
rn1 191000000 191999999 3478.000000
rn1 192000000 192999999 2977.000000
rn1 193000000 193999999 838.000000
rn1 194000000 194999999 469.000000
rn1 195000000 195999999 2061.000000
rn1 196000000 196999999 113.000000
rn1 197000000 197999999 15408.000000
rn1 198000000 198999999 1437.000000
rn1 199000000 199999999 3693.000000
rn1 200000000 200999999 25559.000000
rn1 201000000 201999999 19444.000000
rn1 202000000 202999999 9176.000000
rn1 203000000 203999999 1498.000000
rn1 204000000 204999999 6133.000000
rn1 205000000 205999999 4679.000000
rn1 206000000 206999999 4688.000000
rn1 207000000 207999999 20173.000000
rn1 208000000 208999999 27855.000000
rn1 209000000 209999999 25052.000000
rn1 210000000 210999999 3622.000000
rn1 211000000 211999999 17174.000000
rn1 212000000 212999999 8861.000000
rn1 213000000 213999999 5715.000000
rn1 214000000 214999999 15184.000000
rn1 215000000 215999999 18741.000000
rn1 216000000 216999999 46582.000000
rn1 217000000 217999999 3830.000000
rn1 218000000 218999999 1109.000000
rn1 219000000 219999999 3184.000000
rn1 220000000 220999999 6960.000000
rn1 221000000 221999999 1591.000000
rn1 222000000 222999999 3309.000000
rn1 223000000 223999999 3393.000000
rn1 224000000 224999999 4715.000000
rn1 225000000 225999999 1484.000000
rn1 226000000 226999999 5215.000000
rn1 227000000 227999999 5891.000000
rn1 228000000 228999999 8435.000000
rn1 229000000 229999999 2433.000000
rn1 230000000 230999999 1892.000000
rn1 231000000 231999999 477.000000
rn1 232000000 232999999 4655.000000
rn1 233000000 233999999 5053.000000
rn1 234000000 234999999 875.000000
rn1 235000000 235999999 331.000000
rn1 236000000 236999999 1255.000000
rn1 237000000 237999999 1762.000000
rn1 238000000 238999999 3497.000000
rn1 239000000 239999999 5256.000000
rn1 240000000 240999999 3245.000000
rn1 241000000 241999999 4375.000000
rn1 242000000 242999999 2444.000000
rn1 243000000 243999999 517.000000
rn1 245000000 245999999 1376.000000
rn1 246000000 246999999 2145.000000
rn1 247000000 247999999 3121.000000
rn1 248000000 248999999 831.000000
rn1 249000000 249999999 57.000000
rn1 250000000 250999999 8448.000000
rn1 251000000 251999999 13849.000000
rn1 252000000 252999999 5113.000000
rn1 253000000 253999999 2427.000000
rn1 254000000 254999999 1148.000000
rn1 255000000 255999999 3018.000000
rn1 256000000 256999999 631.000000
rn1 257000000 257999999 1508.000000
rn1 258000000 258999999 4175.000000
rn1 259000000 259999999 2524.000000
rn1 260000000 260999999 1118.000000
rn1 261000000 261999999 258.000000
rn1 262000000 262999999 372.000000
rn1 263000000 263999999 3507.000000
rn1 264000000 264999999 2249.000000
rn1 265000000 265999999 1429.000000
rn1 266000000 266999999 2807.000000
rn1 267000000 267999999 3936.000000
