rn1 1000000 1999999 484.000000
rn1 2000000 2999999 632.000000
rn1 3000000 3999999 690.000000
rn1 4000000 4999999 2369.000000
rn1 5000000 5999999 727.000000
rn1 6000000 6999999 1195.000000
rn1 7000000 7999999 4542.000000
rn1 8000000 8999999 978.000000
rn1 9000000 9999999 890.000000
rn1 10000000 10999999 1056.000000
rn1 11000000 11999999 762.000000
rn1 12000000 12999999 1406.000000
rn1 13000000 13999999 608.000000
rn1 14000000 14999999 1896.000000
rn1 15000000 15999999 1017.000000
rn1 16000000 16999999 4942.000000
rn1 17000000 17999999 8548.000000
rn1 18000000 18999999 1304.000000
rn1 19000000 19999999 6158.000000
rn1 20000000 20999999 11851.000000
rn1 21000000 21999999 3138.000000
rn1 22000000 22999999 2047.000000
rn1 23000000 23999999 4918.000000
rn1 24000000 24999999 4128.000000
rn1 25000000 25999999 253.000000
rn1 26000000 26999999 2878.000000
rn1 27000000 27999999 1354.000000
rn1 28000000 28999999 2446.000000
rn1 29000000 29999999 3984.000000
rn1 30000000 30999999 31297.000000
rn1 33000000 33999999 517.000000
rn1 34000000 34999999 2706.000000
rn1 36000000 36999999 377.000000
rn1 37000000 37999999 3116.000000
rn1 39000000 39999999 859.000000
rn1 40000000 40999999 1782.000000
rn1 41000000 41999999 1031.000000
rn1 42000000 42999999 1440.000000
rn1 43000000 43999999 821.000000
rn1 44000000 44999999 1784.000000
rn1 45000000 45999999 4440.000000
rn1 46000000 46999999 1796.000000
rn1 47000000 47999999 2614.000000
rn1 48000000 48999999 2149.000000
rn1 49000000 49999999 2264.000000
rn1 54000000 54999999 5727.000000
rn1 55000000 55999999 2123.000000
rn1 56000000 56999999 64.000000
rn1 57000000 57999999 1085.000000
rn1 58000000 58999999 818.000000
rn1 59000000 59999999 7573.000000
rn1 60000000 60999999 6035.000000
rn1 61000000 61999999 906.000000
rn1 62000000 62999999 13132.000000
rn1 63000000 63999999 2910.000000
rn1 64000000 64999999 6637.000000
rn1 65000000 65999999 12847.000000
rn1 66000000 66999999 3568.000000
rn1 67000000 67999999 5069.000000
rn1 70000000 70999999 8607.000000
rn1 71000000 71999999 7249.000000
rn1 72000000 72999999 7605.000000
rn1 73000000 73999999 5184.000000
rn1 76000000 76999999 6853.000000
rn1 77000000 77999999 1579.000000
rn1 78000000 78999999 10850.000000
rn1 79000000 79999999 12665.000000
rn1 80000000 80999999 19140.000000
rn1 81000000 81999999 332.000000
rn1 82000000 82999999 8981.000000
rn1 83000000 83999999 7402.000000
rn1 84000000 84999999 11431.000000
rn1 85000000 85999999 12767.000000
rn1 86000000 86999999 4955.000000
rn1 87000000 87999999 1818.000000
rn1 88000000 88999999 1569.000000
rn1 89000000 89999999 7698.000000
rn1 90000000 90999999 5511.000000
rn1 91000000 91999999 2761.000000
rn1 92000000 92999999 561.000000
rn1 93000000 93999999 8096.000000
rn1 94000000 94999999 3102.000000
rn1 95000000 95999999 19238.000000
rn1 96000000 96999999 1580.000000
rn1 97000000 97999999 1680.000000
rn1 98000000 98999999 1358.000000
rn1 100000000 100999999 2700.000000
rn1 101000000 101999999 2821.000000
rn1 102000000 102999999 755.000000
rn1 103000000 103999999 271.000000
rn1 105000000 105999999 112.000000
rn1 106000000 106999999 5746.000000
rn1 107000000 107999999 7005.000000
rn1 108000000 108999999 3126.000000
rn1 109000000 109999999 1039.000000
rn1 111000000 111999999 9280.000000
rn1 112000000 112999999 1410.000000
rn1 113000000 113999999 10143.000000
rn1 114000000 114999999 918.000000
rn1 116000000 116999999 3882.000000
rn1 117000000 117999999 2788.000000
rn1 118000000 118999999 3494.000000
rn1 119000000 119999999 850.000000
rn1 120000000 120999999 1192.000000
rn1 122000000 122999999 6138.000000
rn1 123000000 123999999 1550.000000
rn1 125000000 125999999 1820.000000
rn1 126000000 126999999 63.000000
rn1 128000000 128999999 9592.000000
rn1 130000000 130999999 3338.000000
rn1 131000000 131999999 5126.000000
rn1 132000000 132999999 1364.000000
rn1 133000000 133999999 1109.000000
rn1 134000000 134999999 11040.000000
rn1 135000000 135999999 2761.000000
rn1 136000000 136999999 2335.000000
rn1 137000000 137999999 335.000000
rn1 138000000 138999999 958.000000
rn1 139000000 139999999 5691.000000
rn1 140000000 140999999 429.000000
rn1 141000000 141999999 1053.000000
rn1 142000000 142999999 635.000000
rn1 143000000 143999999 836.000000
rn1 144000000 144999999 2717.000000
rn1 145000000 145999999 529.000000
rn1 146000000 146999999 2633.000000
rn1 147000000 147999999 2391.000000
rn1 148000000 148999999 434.000000
rn1 149000000 149999999 3714.000000
rn1 150000000 150999999 1943.000000
rn1 151000000 151999999 1109.000000
rn1 152000000 152999999 537.000000
rn1 153000000 153999999 257.000000
rn1 155000000 155999999 4892.000000
rn1 156000000 156999999 5983.000000
rn1 157000000 157999999 2563.000000
rn1 158000000 158999999 3362.000000
rn1 159000000 159999999 4123.000000
rn1 160000000 160999999 4853.000000
rn1 161000000 161999999 790.000000
rn1 162000000 162999999 2857.000000
rn1 163000000 163999999 3186.000000
rn1 164000000 164999999 3000.000000
rn1 165000000 165999999 1295.000000
rn1 166000000 166999999 2707.000000
rn1 167000000 167999999 4344.000000
rn1 168000000 168999999 322.000000
rn1 169000000 169999999 1303.000000
rn1 170000000 170999999 706.000000
rn1 171000000 171999999 1254.000000
rn1 172000000 172999999 2113.000000
rn1 173000000 173999999 590.000000
rn1 174000000 174999999 872.000000
rn1 175000000 175999999 722.000000
rn1 176000000 176999999 7188.000000
rn1 177000000 177999999 398.000000
rn1 179000000 179999999 2266.000000
rn1 180000000 180999999 1704.000000
rn1 181000000 181999999 2355.000000
rn1 182000000 182999999 2486.000000
rn1 183000000 183999999 1071.000000
rn1 185000000 185999999 7778.000000
rn1 186000000 186999999 12394.000000
rn1 187000000 187999999 4715.000000
rn1 188000000 188999999 1322.000000
rn1 189000000 189999999 1362.000000
rn1 190000000 190999999 146.000000
rn1 191000000 191999999 9860.000000
rn1 192000000 192999999 4711.000000
rn1 193000000 193999999 3698.000000
rn1 195000000 195999999 14722.000000
rn1 196000000 196999999 4286.000000
rn1 197000000 197999999 5858.000000
rn1 198000000 198999999 524.000000
rn1 199000000 199999999 7197.000000
rn1 200000000 200999999 377.000000
rn1 201000000 201999999 3371.000000
rn1 202000000 202999999 1508.000000
rn1 203000000 203999999 3350.000000
rn1 204000000 204999999 2199.000000
rn1 205000000 205999999 2092.000000
rn1 206000000 206999999 3201.000000
rn1 207000000 207999999 3846.000000
rn1 208000000 208999999 6422.000000
rn1 209000000 209999999 23837.000000
rn1 210000000 210999999 1528.000000
rn1 211000000 211999999 2568.000000
rn1 212000000 212999999 4313.000000
rn1 213000000 213999999 4401.000000
rn1 214000000 214999999 2025.000000
rn1 215000000 215999999 5014.000000
rn1 217000000 217999999 1669.000000
rn1 218000000 218999999 1308.000000
rn1 219000000 219999999 2220.000000
rn1 220000000 220999999 5341.000000
rn1 221000000 221999999 768.000000
rn1 222000000 222999999 3105.000000
rn1 223000000 223999999 4756.000000
rn1 224000000 224999999 3685.000000
rn1 225000000 225999999 1198.000000
rn1 226000000 226999999 3842.000000
rn1 227000000 227999999 2181.000000
rn1 228000000 228999999 15918.000000
rn1 229000000 229999999 271.000000
rn1 230000000 230999999 1833.000000
rn1 231000000 231999999 1518.000000
rn1 232000000 232999999 4001.000000
rn1 233000000 233999999 6552.000000
rn1 234000000 234999999 3075.000000
rn1 235000000 235999999 2109.000000
rn1 236000000 236999999 3939.000000
rn1 237000000 237999999 1850.000000
rn1 238000000 238999999 4889.000000
rn1 239000000 239999999 1783.000000
rn1 240000000 240999999 2806.000000
rn1 241000000 241999999 2889.000000
rn1 242000000 242999999 2424.000000
rn1 243000000 243999999 3539.000000
rn1 244000000 244999999 138.000000
rn1 245000000 245999999 1713.000000
rn1 246000000 246999999 243.000000
rn1 247000000 247999999 1259.000000
rn1 248000000 248999999 516.000000
rn1 249000000 249999999 2237.000000
rn1 250000000 250999999 4778.000000
rn1 251000000 251999999 3720.000000
rn1 252000000 252999999 4347.000000
rn1 253000000 253999999 545.000000
rn1 254000000 254999999 1314.000000
rn1 255000000 255999999 374.000000
rn1 256000000 256999999 637.000000
rn1 257000000 257999999 1877.000000
rn1 258000000 258999999 338.000000
rn1 259000000 259999999 2747.000000
rn1 260000000 260999999 443.000000
rn1 262000000 262999999 731.000000
rn1 263000000 263999999 6509.000000
rn1 264000000 264999999 7547.000000
rn1 265000000 265999999 14076.000000
rn1 266000000 266999999 2048.000000
rn1 267000000 267999999 2898.000000
