mm1 5000000 5999999 1937.000000
mm1 8000000 8999999 486.000000
mm1 9000000 9999999 610.000000
mm1 10000000 10999999 931.000000
mm1 11000000 11999999 1008.000000
mm1 12000000 12999999 2290.000000
mm1 13000000 13999999 2738.000000
mm1 14000000 14999999 580.000000
mm1 15000000 15999999 17098.000000
mm1 16000000 16999999 496.000000
mm1 17000000 17999999 837.000000
mm1 18000000 18999999 450.000000
mm1 20000000 20999999 2759.000000
mm1 22000000 22999999 1022.000000
mm1 23000000 23999999 1877.000000
mm1 24000000 24999999 2430.000000
mm1 25000000 25999999 436.000000
mm1 30000000 30999999 586.000000
mm1 31000000 31999999 2215.000000
mm1 32000000 32999999 334.000000
mm1 33000000 33999999 917.000000
mm1 34000000 34999999 439.000000
mm1 35000000 35999999 301.000000
mm1 36000000 36999999 1249.000000
mm1 37000000 37999999 1893.000000
mm1 38000000 38999999 9347.000000
mm1 39000000 39999999 3453.000000
mm1 40000000 40999999 2052.000000
mm1 44000000 44999999 786.000000
mm1 45000000 45999999 1586.000000
mm1 46000000 46999999 1606.000000
mm1 48000000 48999999 2721.000000
mm1 49000000 49999999 3264.000000
mm1 52000000 52999999 1964.000000
mm1 53000000 53999999 638.000000
mm1 54000000 54999999 141.000000
mm1 55000000 55999999 10095.000000
mm1 57000000 57999999 245.000000
mm1 58000000 58999999 516.000000
mm1 59000000 59999999 946.000000
mm1 60000000 60999999 2381.000000
mm1 63000000 63999999 1235.000000
mm1 64000000 64999999 11709.000000
mm1 66000000 66999999 5188.000000
mm1 70000000 70999999 314.000000
mm1 71000000 71999999 579.000000
mm1 72000000 72999999 2503.000000
mm1 73000000 73999999 318.000000
mm1 74000000 74999999 307.000000
mm1 75000000 75999999 5148.000000
mm1 77000000 77999999 259.000000
mm1 79000000 79999999 1320.000000
mm1 80000000 80999999 417.000000
mm1 81000000 81999999 759.000000
mm1 82000000 82999999 537.000000
mm1 83000000 83999999 1299.000000
mm1 84000000 84999999 850.000000
mm1 87000000 87999999 1459.000000
mm1 88000000 88999999 4213.000000
mm1 89000000 89999999 3057.000000
mm1 90000000 90999999 3643.000000
mm1 91000000 91999999 573.000000
mm1 94000000 94999999 8089.000000
mm1 95000000 95999999 2362.000000
mm1 97000000 97999999 580.000000
mm1 98000000 98999999 1480.000000
mm1 99000000 99999999 2035.000000
mm1 100000000 100999999 1789.000000
mm1 101000000 101999999 698.000000
mm1 102000000 102999999 1141.000000
mm1 105000000 105999999 92.000000
mm1 106000000 106999999 788.000000
mm1 107000000 107999999 2370.000000
mm1 108000000 108999999 338.000000
mm1 109000000 109999999 676.000000
mm1 110000000 110999999 1656.000000
mm1 111000000 111999999 496.000000
mm1 114000000 114999999 524.000000
mm1 118000000 118999999 798.000000
mm1 119000000 119999999 11715.000000
mm1 120000000 120999999 12921.000000
mm1 121000000 121999999 2122.000000
mm1 122000000 122999999 994.000000
mm1 123000000 123999999 527.000000
mm1 125000000 125999999 3679.000000
mm1 126000000 126999999 492.000000
mm1 129000000 129999999 1645.000000
mm1 130000000 130999999 1586.000000
mm1 131000000 131999999 480.000000
mm1 132000000 132999999 3068.000000
mm1 133000000 133999999 1385.000000
mm1 134000000 134999999 229.000000
mm1 135000000 135999999 1615.000000
mm1 136000000 136999999 5160.000000
mm1 137000000 137999999 229.000000
mm1 138000000 138999999 1157.000000
mm1 141000000 141999999 556.000000
mm1 145000000 145999999 436.000000
mm1 147000000 147999999 1298.000000
mm1 148000000 148999999 474.000000
mm1 149000000 149999999 1966.000000
mm1 150000000 150999999 2307.000000
mm1 152000000 152999999 1801.000000
mm1 153000000 153999999 937.000000
mm1 154000000 154999999 813.000000
mm1 155000000 155999999 1411.000000
mm1 156000000 156999999 644.000000
mm1 158000000 158999999 1092.000000
mm1 161000000 161999999 1416.000000
mm1 162000000 162999999 1544.000000
mm1 163000000 163999999 408.000000
mm1 164000000 164999999 1648.000000
mm1 165000000 165999999 1019.000000
mm1 166000000 166999999 1026.000000
mm1 167000000 167999999 2907.000000
mm1 168000000 168999999 578.000000
mm1 169000000 169999999 1230.000000
mm1 173000000 173999999 9393.000000
mm1 174000000 174999999 4040.000000
mm1 175000000 175999999 4709.000000
mm1 176000000 176999999 10500.000000
mm1 177000000 177999999 645.000000
mm1 178000000 178999999 206.000000
mm1 179000000 179999999 175.000000
mm1 181000000 181999999 1676.000000
mm1 182000000 182999999 2002.000000
mm1 183000000 183999999 1457.000000
mm1 184000000 184999999 2651.000000
mm1 185000000 185999999 375.000000
mm1 186000000 186999999 67.000000
mm1 188000000 188999999 2435.000000
mm1 191000000 191999999 404.000000
mm1 193000000 193999999 446.000000
mm1 196000000 196999999 147.000000
mm1 197000000 197999999 346.000000
