mm1 4000000 4999999 14283.000000
mm1 5000000 5999999 347.000000
mm1 6000000 6999999 3195.000000
mm1 7000000 7999999 3458.000000
mm1 8000000 8999999 623.000000
mm1 9000000 9999999 4731.000000
mm1 10000000 10999999 6523.000000
mm1 11000000 11999999 1831.000000
mm1 12000000 12999999 2263.000000
mm1 13000000 13999999 7302.000000
mm1 14000000 14999999 1372.000000
mm1 15000000 15999999 4242.000000
mm1 16000000 16999999 8621.000000
mm1 17000000 17999999 3753.000000
mm1 18000000 18999999 1025.000000
mm1 19000000 19999999 3812.000000
mm1 20000000 20999999 2215.000000
mm1 22000000 22999999 2003.000000
mm1 23000000 23999999 1781.000000
mm1 24000000 24999999 6123.000000
mm1 25000000 25999999 1473.000000
mm1 26000000 26999999 465.000000
mm1 27000000 27999999 2570.000000
mm1 29000000 29999999 2002.000000
mm1 30000000 30999999 633.000000
mm1 31000000 31999999 3083.000000
mm1 32000000 32999999 991.000000
mm1 33000000 33999999 1715.000000
mm1 34000000 34999999 4092.000000
mm1 35000000 35999999 277.000000
mm1 36000000 36999999 2526.000000
mm1 37000000 37999999 1128.000000
mm1 38000000 38999999 2184.000000
mm1 39000000 39999999 4546.000000
mm1 40000000 40999999 2222.000000
mm1 41000000 41999999 90.000000
mm1 42000000 42999999 2281.000000
mm1 43000000 43999999 1896.000000
mm1 45000000 45999999 2208.000000
mm1 46000000 46999999 2185.000000
mm1 47000000 47999999 621.000000
mm1 48000000 48999999 2604.000000
mm1 49000000 49999999 1599.000000
mm1 50000000 50999999 284.000000
mm1 51000000 51999999 1175.000000
mm1 52000000 52999999 3510.000000
mm1 53000000 53999999 782.000000
mm1 54000000 54999999 403.000000
mm1 55000000 55999999 5182.000000
mm1 56000000 56999999 433.000000
mm1 57000000 57999999 1415.000000
mm1 58000000 58999999 2581.000000
mm1 59000000 59999999 5570.000000
mm1 60000000 60999999 2306.000000
mm1 61000000 61999999 3183.000000
mm1 62000000 62999999 963.000000
mm1 63000000 63999999 7348.000000
mm1 64000000 64999999 48978.000000
mm1 65000000 65999999 3662.000000
mm1 66000000 66999999 1865.000000
mm1 68000000 68999999 529.000000
mm1 69000000 69999999 1138.000000
mm1 70000000 70999999 1060.000000
mm1 71000000 71999999 5824.000000
mm1 72000000 72999999 3370.000000
mm1 74000000 74999999 12828.000000
mm1 75000000 75999999 5486.000000
mm1 76000000 76999999 313.000000
mm1 77000000 77999999 3182.000000
mm1 78000000 78999999 504.000000
mm1 79000000 79999999 1732.000000
mm1 80000000 80999999 738.000000
mm1 81000000 81999999 783.000000
mm1 82000000 82999999 1746.000000
mm1 83000000 83999999 2564.000000
mm1 84000000 84999999 559.000000
mm1 85000000 85999999 691.000000
mm1 87000000 87999999 1970.000000
mm1 88000000 88999999 2050.000000
mm1 89000000 89999999 1629.000000
mm1 90000000 90999999 3077.000000
mm1 91000000 91999999 972.000000
mm1 92000000 92999999 394.000000
mm1 93000000 93999999 451.000000
mm1 94000000 94999999 9992.000000
mm1 95000000 95999999 6092.000000
mm1 96000000 96999999 1604.000000
mm1 97000000 97999999 1727.000000
mm1 98000000 98999999 1788.000000
mm1 99000000 99999999 420.000000
mm1 100000000 100999999 2330.000000
mm1 101000000 101999999 1671.000000
mm1 102000000 102999999 1578.000000
mm1 104000000 104999999 301.000000
mm1 106000000 106999999 1865.000000
mm1 107000000 107999999 8430.000000
mm1 108000000 108999999 1172.000000
mm1 109000000 109999999 2160.000000
mm1 110000000 110999999 4461.000000
mm1 111000000 111999999 606.000000
mm1 112000000 112999999 2354.000000
mm1 113000000 113999999 736.000000
mm1 114000000 114999999 1844.000000
mm1 117000000 117999999 944.000000
mm1 118000000 118999999 7028.000000
mm1 119000000 119999999 37462.000000
mm1 120000000 120999999 23100.000000
mm1 121000000 121999999 6546.000000
mm1 122000000 122999999 3072.000000
mm1 123000000 123999999 922.000000
mm1 125000000 125999999 1656.000000
mm1 127000000 127999999 481.000000
mm1 128000000 128999999 898.000000
mm1 129000000 129999999 3449.000000
mm1 130000000 130999999 4154.000000
mm1 131000000 131999999 523.000000
mm1 133000000 133999999 9531.000000
mm1 134000000 134999999 2170.000000
mm1 135000000 135999999 8698.000000
mm1 136000000 136999999 41136.000000
mm1 137000000 137999999 30579.000000
mm1 138000000 138999999 9291.000000
mm1 139000000 139999999 1196.000000
mm1 140000000 140999999 1782.000000
mm1 141000000 141999999 1916.000000
mm1 142000000 142999999 158.000000
mm1 143000000 143999999 697.000000
mm1 144000000 144999999 458.000000
mm1 145000000 145999999 1253.000000
mm1 146000000 146999999 706.000000
mm1 147000000 147999999 3220.000000
mm1 149000000 149999999 732.000000
mm1 150000000 150999999 898.000000
mm1 151000000 151999999 2568.000000
mm1 152000000 152999999 2688.000000
mm1 153000000 153999999 4234.000000
mm1 154000000 154999999 13030.000000
mm1 155000000 155999999 3789.000000
mm1 156000000 156999999 23104.000000
mm1 157000000 157999999 2231.000000
mm1 158000000 158999999 7104.000000
mm1 159000000 159999999 4982.000000
mm1 160000000 160999999 764.000000
mm1 161000000 161999999 1841.000000
mm1 162000000 162999999 2051.000000
mm1 163000000 163999999 1729.000000
mm1 164000000 164999999 9919.000000
mm1 165000000 165999999 1089.000000
mm1 166000000 166999999 457.000000
mm1 167000000 167999999 8648.000000
mm1 168000000 168999999 2502.000000
mm1 169000000 169999999 2929.000000
mm1 170000000 170999999 950.000000
mm1 171000000 171999999 983.000000
mm1 172000000 172999999 1952.000000
mm1 173000000 173999999 12540.000000
mm1 174000000 174999999 55528.000000
mm1 175000000 175999999 10120.000000
mm1 176000000 176999999 13709.000000
mm1 178000000 178999999 3032.000000
mm1 179000000 179999999 3476.000000
mm1 180000000 180999999 5218.000000
mm1 181000000 181999999 4429.000000
mm1 182000000 182999999 11375.000000
mm1 183000000 183999999 4022.000000
mm1 184000000 184999999 7748.000000
mm1 185000000 185999999 359.000000
mm1 186000000 186999999 4442.000000
mm1 187000000 187999999 834.000000
mm1 188000000 188999999 3472.000000
mm1 190000000 190999999 12150.000000
mm1 191000000 191999999 1383.000000
mm1 192000000 192999999 1644.000000
mm1 193000000 193999999 3157.000000
mm1 194000000 194999999 1769.000000
mm1 195000000 195999999 1526.000000
mm1 196000000 196999999 412.000000
mm1 197000000 197999999 902.000000
