hs12 0 4999999 80510.000000
hs12 5000000 9999999 56733.000000
hs12 10000000 14999999 25073.000000
hs12 15000000 19999999 16743.000000
hs12 20000000 24999999 33849.000000
hs12 25000000 29999999 25039.000000
hs12 30000000 34999999 19298.000000
hs12 35000000 39999999 39286.000000
hs12 40000000 44999999 12654.000000
hs12 45000000 49999999 130215.000000
hs12 50000000 54999999 137951.000000
hs12 55000000 59999999 168816.000000
hs12 60000000 64999999 21037.000000
hs12 65000000 69999999 53240.000000
hs12 70000000 74999999 10055.000000
hs12 75000000 79999999 43456.000000
hs12 80000000 84999999 20269.000000
hs12 85000000 89999999 39883.000000
hs12 90000000 94999999 17062.000000
hs12 95000000 99999999 41910.000000
hs12 100000000 104999999 17073.000000
hs12 105000000 109999999 27358.000000
hs12 110000000 114999999 27943.000000
hs12 115000000 119999999 8318.000000
hs12 120000000 124999999 42751.000000
hs12 125000000 129999999 5535.000000
hs12 130000000 134999999 24713.000000
hs22 15000000 19999999 45386.000000
hs22 20000000 24999999 47386.000000
hs22 25000000 29999999 26707.000000
hs22 30000000 34999999 49595.000000
hs22 35000000 39999999 33862.000000
hs22 40000000 44999999 42220.000000
hs22 45000000 49999999 9865.000000
hs22 50000000 54999999 11878.000000
hs11 0 4999999 82191.000000
hs11 5000000 9999999 87711.000000
hs11 10000000 14999999 7588.000000
hs11 15000000 19999999 66292.000000
hs11 20000000 24999999 19186.000000
hs11 25000000 29999999 17566.000000
hs11 30000000 34999999 30010.000000
hs11 35000000 39999999 5443.000000
hs11 40000000 44999999 7403.000000
hs11 45000000 49999999 32903.000000
hs11 50000000 54999999 33249.000000
hs11 55000000 59999999 159694.000000
hs11 60000000 64999999 85919.000000
hs11 65000000 69999999 31868.000000
hs11 70000000 74999999 54395.000000
hs11 75000000 79999999 16565.000000
hs11 80000000 84999999 15856.000000
hs11 85000000 89999999 30374.000000
hs11 90000000 94999999 10242.000000
hs11 95000000 99999999 5804.000000
hs11 100000000 104999999 20257.000000
hs11 105000000 109999999 17493.000000
hs11 110000000 114999999 17097.000000
hs11 115000000 119999999 24643.000000
hs11 120000000 124999999 78350.000000
hs11 125000000 129999999 14242.000000
hs11 130000000 134999999 36752.000000
hs10 0 4999999 30773.000000
hs10 5000000 9999999 111121.000000
hs10 10000000 14999999 24800.000000
hs10 15000000 19999999 17785.000000
hs10 20000000 24999999 17197.000000
hs10 25000000 29999999 43693.000000
hs10 30000000 34999999 15504.000000
hs10 35000000 39999999 233844.000000
hs10 40000000 44999999 89740.000000
hs10 45000000 49999999 237125.000000
hs10 50000000 54999999 119980.000000
hs10 55000000 59999999 3574.000000
hs10 60000000 64999999 10076.000000
hs10 65000000 69999999 16997.000000
hs10 70000000 74999999 28352.000000
hs10 75000000 79999999 46638.000000
hs10 80000000 84999999 15975.000000
hs10 85000000 89999999 23487.000000
hs10 90000000 94999999 17550.000000
hs10 95000000 99999999 59526.000000
hs10 100000000 104999999 57220.000000
hs10 105000000 109999999 8108.000000
hs10 110000000 114999999 13226.000000
hs10 115000000 119999999 13290.000000
hs10 120000000 124999999 26036.000000
hs10 125000000 129999999 12036.000000
hs10 130000000 134999999 24497.000000
hs10 135000000 139999999 16588.000000
hs7 0 4999999 9522.000000
hs7 5000000 9999999 30013.000000
hs7 10000000 14999999 14083.000000
hs7 15000000 19999999 10505.000000
hs7 20000000 24999999 36482.000000
hs7 25000000 29999999 23112.000000
hs7 30000000 34999999 20290.000000
hs7 35000000 39999999 15832.000000
hs7 40000000 44999999 39530.000000
hs7 45000000 49999999 31245.000000
hs7 50000000 54999999 11079.000000
hs7 55000000 59999999 63401.000000
hs7 60000000 64999999 84384.000000
hs7 65000000 69999999 50240.000000
hs7 70000000 74999999 5955.000000
hs7 75000000 79999999 13387.000000
hs7 80000000 84999999 8764.000000
hs7 85000000 89999999 17716.000000
hs7 90000000 94999999 91321.000000
hs7 95000000 99999999 34695.000000
hs7 100000000 104999999 29954.000000
hs7 105000000 109999999 41436.000000
hs7 110000000 114999999 5986.000000
hs7 115000000 119999999 22881.000000
hs7 120000000 124999999 17314.000000
hs7 125000000 129999999 31485.000000
hs7 130000000 134999999 92674.000000
hs7 135000000 139999999 21129.000000
hs7 140000000 144999999 64053.000000
hs7 145000000 149999999 19334.000000
hs7 150000000 154999999 56236.000000
hs7 155000000 159999999 29670.000000
hs20 0 4999999 48243.000000
hs20 5000000 9999999 10059.000000
hs20 10000000 14999999 7927.000000
hs20 15000000 19999999 21192.000000
hs20 20000000 24999999 14336.000000
hs20 25000000 29999999 13578.000000
hs20 30000000 34999999 39670.000000
hs20 35000000 39999999 21444.000000
hs20 40000000 44999999 44687.000000
hs20 45000000 49999999 98590.000000
hs20 50000000 54999999 10888.000000
hs20 55000000 59999999 26670.000000
hs20 60000000 64999999 44767.000000
hs16 0 4999999 52341.000000
hs16 5000000 9999999 8758.000000
hs16 10000000 14999999 46142.000000
hs16 15000000 19999999 34786.000000
hs16 20000000 24999999 26144.000000
hs16 25000000 29999999 35634.000000
hs16 30000000 34999999 85714.000000
hs16 35000000 39999999 1689.000000
hs16 45000000 49999999 56023.000000
hs16 50000000 54999999 30626.000000
hs16 55000000 59999999 106658.000000
hs16 60000000 64999999 11378.000000
hs16 65000000 69999999 23829.000000
hs16 70000000 74999999 26034.000000
hs16 75000000 79999999 24529.000000
hs16 80000000 84999999 38607.000000
hs16 85000000 89999999 35281.000000
hs16 90000000 94999999 21342.000000
hs4 0 4999999 62065.000000
hs4 5000000 9999999 13963.000000
hs4 10000000 14999999 10058.000000
hs4 15000000 19999999 7395.000000
hs4 20000000 24999999 5657.000000
hs4 25000000 29999999 8310.000000
hs4 30000000 34999999 10181.000000
hs4 35000000 39999999 14227.000000
hs4 40000000 44999999 16520.000000
hs4 45000000 49999999 7625.000000
hs4 50000000 54999999 6109.000000
hs4 55000000 59999999 11487.000000
hs4 60000000 64999999 7288.000000
hs4 65000000 69999999 36102.000000
hs4 70000000 74999999 25722.000000
hs4 75000000 79999999 33100.000000
hs4 80000000 84999999 25224.000000
hs4 85000000 89999999 15783.000000
hs4 90000000 94999999 2240.000000
hs4 95000000 99999999 26339.000000
hs4 100000000 104999999 59020.000000
hs4 105000000 109999999 10173.000000
hs4 110000000 114999999 20717.000000
hs4 115000000 119999999 198112.000000
hs4 120000000 124999999 16975.000000
hs4 125000000 129999999 9528.000000
hs4 130000000 134999999 9966.000000
hs4 135000000 139999999 8524.000000
hs4 140000000 144999999 31935.000000
hs4 145000000 149999999 8079.000000
hs4 150000000 154999999 16944.000000
hs4 155000000 159999999 19718.000000
hs4 160000000 164999999 9878.000000
hs4 165000000 169999999 21426.000000
hs4 170000000 174999999 9479.000000
hs4 175000000 179999999 6416.000000
hs4 180000000 184999999 4511.000000
hs4 185000000 189999999 17406.000000
hs4 190000000 194999999 8223.000000
hs18 0 4999999 37776.000000
hs18 5000000 9999999 14294.000000
hs18 10000000 14999999 30257.000000
hs18 15000000 19999999 12884.000000
hs18 20000000 24999999 8587.000000
hs18 25000000 29999999 21848.000000
hs18 30000000 34999999 14612.000000
hs18 35000000 39999999 4654.000000
hs18 40000000 44999999 14038.000000
hs18 45000000 49999999 10581.000000
hs18 50000000 54999999 5196.000000
hs18 55000000 59999999 6994480.000000
hs18 60000000 64999999 138997.000000
hs18 65000000 69999999 87606.000000
hs18 70000000 74999999 3746.000000
hs18 75000000 79999999 10171.000000
hs13 15000000 19999999 19133.000000
hs13 20000000 24999999 28153.000000
hs13 25000000 29999999 44991.000000
hs13 30000000 34999999 14841.000000
hs13 35000000 39999999 9413.000000
hs13 40000000 44999999 34083.000000
hs13 45000000 49999999 22517.000000
hs13 50000000 54999999 33619.000000
hs13 55000000 59999999 10926.000000
hs13 60000000 64999999 5630.000000
hs13 65000000 69999999 13276.000000
hs13 70000000 74999999 8897.000000
hs13 75000000 79999999 17873.000000
hs13 80000000 84999999 4847.000000
hs13 85000000 89999999 3774.000000
hs13 90000000 94999999 6959.000000
hs13 95000000 99999999 51684.000000
hs13 100000000 104999999 343459.000000
hs13 105000000 109999999 5348.000000
hs13 110000000 114999999 39181.000000
hs3 0 4999999 10834.000000
hs3 5000000 9999999 34244.000000
hs3 10000000 14999999 56317.000000
hs3 15000000 19999999 31472.000000
hs3 20000000 24999999 10270.000000
hs3 25000000 29999999 11817.000000
hs3 30000000 34999999 31962.000000
hs3 35000000 39999999 56606.000000
hs3 40000000 44999999 50841.000000
hs3 45000000 49999999 52767.000000
hs3 50000000 54999999 119615.000000
hs3 55000000 59999999 32828.000000
hs3 60000000 64999999 10074.000000
hs3 65000000 69999999 5529.000000
hs3 70000000 74999999 10293.000000
hs3 75000000 79999999 13895.000000
hs3 80000000 84999999 7960.000000
hs3 85000000 89999999 26523.000000
hs3 90000000 94999999 6336.000000
hs3 95000000 99999999 29263.000000
hs3 100000000 104999999 17674.000000
hs3 105000000 109999999 17151.000000
hs3 110000000 114999999 15717.000000
hs3 115000000 119999999 10047.000000
hs3 120000000 124999999 19605.000000
hs3 125000000 129999999 92803.000000
hs3 130000000 134999999 24120.000000
hs3 135000000 139999999 20483.000000
hs3 140000000 144999999 30522.000000
hs3 145000000 149999999 59890.000000
hs3 150000000 154999999 9431.000000
hs3 155000000 159999999 12526.000000
hs3 160000000 164999999 14253.000000
hs3 165000000 169999999 19931.000000
hs3 170000000 174999999 28916.000000
hs3 175000000 179999999 11943.000000
hs3 180000000 184999999 19831.000000
hs3 185000000 189999999 27968.000000
hs3 190000000 194999999 9122.000000
hs3 195000000 199999999 18846.000000
hs9 0 4999999 14626.000000
hs9 5000000 9999999 32709.000000
hs9 10000000 14999999 7099.000000
hs9 15000000 19999999 9832.000000
hs9 20000000 24999999 8791.000000
hs9 25000000 29999999 15153.000000
hs9 30000000 34999999 39444.000000
hs9 35000000 39999999 40293.000000
hs9 40000000 44999999 32293.000000
hs9 45000000 49999999 12063.000000
hs9 65000000 69999999 31097.000000
hs9 70000000 74999999 11367.000000
hs9 75000000 79999999 16934.000000
hs9 80000000 84999999 14295.000000
hs9 85000000 89999999 18590.000000
hs9 90000000 94999999 61251.000000
hs9 95000000 99999999 72074.000000
hs9 100000000 104999999 26861.000000
hs9 105000000 109999999 26519.000000
hs9 110000000 114999999 21653.000000
hs9 115000000 119999999 43827.000000
hs9 120000000 124999999 41001.000000
hs9 125000000 129999999 98307.000000
hs9 130000000 134999999 146303.000000
hs9 135000000 139999999 88723.000000
hs9 140000000 144999999 37491.000000
hs15 20000000 24999999 51117.000000
hs15 25000000 29999999 21295.000000
hs15 30000000 34999999 71504.000000
hs15 35000000 39999999 15165.000000
hs15 40000000 44999999 76605.000000
hs15 45000000 49999999 47055.000000
hs15 50000000 54999999 14551.000000
hs15 55000000 59999999 19814.000000
hs15 60000000 64999999 15468.000000
hs15 65000000 69999999 80885.000000
hs15 70000000 74999999 21038.000000
hs15 75000000 79999999 54526.000000
hs15 80000000 84999999 7383.000000
hs15 85000000 89999999 29340.000000
hs15 90000000 94999999 37614.000000
hs15 95000000 99999999 10783.000000
hs15 100000000 104999999 31447.000000
hs5 0 4999999 19713.000000
hs5 5000000 9999999 5151.000000
hs5 10000000 14999999 7790.000000
hs5 15000000 19999999 19490.000000
hs5 20000000 24999999 16783.000000
hs5 25000000 29999999 16139.000000
hs5 30000000 34999999 24321.000000
hs5 35000000 39999999 11442.000000
hs5 40000000 44999999 16569.000000
hs5 45000000 49999999 815.000000
hs5 50000000 54999999 10694.000000
hs5 55000000 59999999 39410.000000
hs5 60000000 64999999 20748.000000
hs5 65000000 69999999 64200.000000
hs5 70000000 74999999 43880.000000
hs5 75000000 79999999 41862.000000
hs5 80000000 84999999 15741.000000
hs5 85000000 89999999 7933.000000
hs5 90000000 94999999 8987.000000
hs5 95000000 99999999 3288890.000000
hs5 100000000 104999999 985333.000000
hs5 105000000 109999999 10636.000000
hs5 110000000 114999999 11875.000000
hs5 115000000 119999999 11153.000000
hs5 120000000 124999999 18776.000000
hs5 125000000 129999999 10561.000000
hs5 130000000 134999999 24473.000000
hs5 135000000 139999999 27869.000000
hs5 140000000 144999999 15113.000000
hs5 145000000 149999999 16626.000000
hs5 150000000 154999999 27653.000000
hs5 155000000 159999999 17778.000000
hs5 160000000 164999999 3240.000000
hs5 165000000 169999999 5000.000000
hs5 170000000 174999999 23497.000000
hs5 175000000 179999999 92353.000000
hs5 180000000 184999999 47240.000000
hs19 0 4999999 69470.000000
hs19 5000000 9999999 71653.000000
hs19 10000000 14999999 170167.000000
hs19 15000000 19999999 63011.000000
hs19 20000000 24999999 237009.000000
hs19 25000000 29999999 86097.000000
hs19 30000000 34999999 20917.000000
hs19 35000000 39999999 136742.000000
hs19 40000000 44999999 116748.000000
hs19 45000000 49999999 73235.000000
hs19 50000000 54999999 159257.000000
hs19 55000000 59999999 119828.000000
hs1 0 4999999 136303.000000
hs1 5000000 9999999 32730.000000
hs1 10000000 14999999 152102.000000
hs1 15000000 19999999 35869.000000
hs1 20000000 24999999 76967.000000
hs1 25000000 29999999 42288.000000
hs1 30000000 34999999 56954.000000
hs1 35000000 39999999 113913.000000
hs1 40000000 44999999 37143.000000
hs1 45000000 49999999 63130.000000
hs1 50000000 54999999 33005.000000
hs1 55000000 59999999 13775.000000
hs1 60000000 64999999 6829.000000
hs1 65000000 69999999 15099.000000
hs1 70000000 74999999 6771.000000
hs1 75000000 79999999 9868.000000
hs1 80000000 84999999 14772.000000
hs1 85000000 89999999 14428.000000
hs1 90000000 94999999 33584.000000
hs1 95000000 99999999 12410.000000
hs1 100000000 104999999 17286.000000
hs1 105000000 109999999 28447.000000
hs1 110000000 114999999 122853.000000
hs1 115000000 119999999 86192.000000
hs1 120000000 124999999 214579.000000
hs1 140000000 144999999 225755.000000
hs1 145000000 149999999 62974.000000
hs1 150000000 154999999 63799.000000
hs1 155000000 159999999 49062708.000000
hs1 160000000 164999999 161893.000000
hs1 165000000 169999999 87281.000000
hs1 170000000 174999999 51158.000000
hs1 175000000 179999999 61950.000000
hs1 180000000 184999999 50452.000000
hs1 185000000 189999999 28572.000000
hs1 190000000 194999999 185716.000000
hs1 195000000 199999999 145377.000000
hs1 200000000 204999999 71352.000000
hs1 205000000 209999999 20362631.000000
hs1 210000000 214999999 43464.000000
hs1 215000000 219999999 40056.000000
hs1 220000000 224999999 1695746.000000
hs1 225000000 229999999 90265.000000
hs1 230000000 234999999 15738.000000
hs1 235000000 239999999 45471.000000
hs1 240000000 244999999 6876393.000000
hs1 245000000 249999999 93094.000000
hs2 0 4999999 29278.000000
hs2 5000000 9999999 14628.000000
hs2 10000000 14999999 11909.000000
hs2 15000000 19999999 8769.000000
hs2 20000000 24999999 8865.000000
hs2 25000000 29999999 60412.000000
hs2 30000000 34999999 22730.000000
hs2 35000000 39999999 15483.000000
hs2 40000000 44999999 47873.000000
hs2 45000000 49999999 9033.000000
hs2 50000000 54999999 8026.000000
hs2 55000000 59999999 18293.000000
hs2 60000000 64999999 19652.000000
hs2 65000000 69999999 9369.000000
hs2 70000000 74999999 52083.000000
hs2 75000000 79999999 5873.000000
hs2 80000000 84999999 11481.000000
hs2 85000000 89999999 54323.000000
hs2 90000000 94999999 11226.000000
hs2 95000000 99999999 9789503.000000
hs2 100000000 104999999 90135.000000
hs2 105000000 109999999 34852.000000
hs2 110000000 114999999 8211407.000000
hs2 115000000 119999999 19595.000000
hs2 120000000 124999999 3123698.000000
hs2 125000000 129999999 2443646.000000
hs2 130000000 134999999 6291595.000000
hs2 135000000 139999999 40973.000000
hs2 140000000 144999999 11029.000000
hs2 145000000 149999999 7354.000000
hs2 150000000 154999999 6963.000000
hs2 155000000 159999999 18054.000000
hs2 160000000 164999999 24648.000000
hs2 165000000 169999999 9662.000000
hs2 170000000 174999999 15728.000000
hs2 175000000 179999999 34129.000000
hs2 180000000 184999999 20176.000000
hs2 185000000 189999999 1497605.000000
hs2 190000000 194999999 6487613.000000
hs2 195000000 199999999 46188873.000000
hs2 200000000 204999999 180806.000000
hs2 205000000 209999999 58606.000000
hs2 210000000 214999999 39888.000000
hs2 215000000 219999999 55616.000000
hs2 220000000 224999999 73269.000000
hs2 225000000 229999999 32265.000000
hs2 230000000 234999999 522673.000000
hs2 235000000 239999999 34036.000000
hs2 240000000 244999999 174630.000000
hs8 0 4999999 43883.000000
hs8 5000000 9999999 28411.000000
hs8 10000000 14999999 29600.000000
hs8 15000000 19999999 11285.000000
hs8 20000000 24999999 12159.000000
hs8 25000000 29999999 21872.000000
hs8 30000000 34999999 26543.000000
hs8 35000000 39999999 21757.000000
hs8 40000000 44999999 16852.000000
hs8 45000000 49999999 18304.000000
hs8 50000000 54999999 4844278.000000
hs8 55000000 59999999 21732.000000
hs8 60000000 64999999 6358.000000
hs8 65000000 69999999 8793581.000000
hs8 70000000 74999999 154528.000000
hs8 75000000 79999999 5778.000000
hs8 80000000 84999999 13662.000000
hs8 85000000 89999999 12966.000000
hs8 90000000 94999999 29350.000000
hs8 95000000 99999999 30630.000000
hs8 100000000 104999999 48981.000000
hs8 105000000 109999999 21558.000000
hs8 110000000 114999999 27627.000000
hs8 115000000 119999999 3932.000000
hs8 120000000 124999999 4865.000000
hs8 125000000 129999999 11086.000000
hs8 130000000 134999999 6551.000000
hs8 135000000 139999999 11529.000000
hs8 140000000 144999999 24906.000000
hs8 145000000 149999999 23947.000000
hs6 0 4999999 54720.000000
hs6 5000000 9999999 18453.000000
hs6 10000000 14999999 16521.000000
hs6 15000000 19999999 13681.000000
hs6 20000000 24999999 10479.000000
hs6 25000000 29999999 84386.000000
hs6 30000000 34999999 80793.000000
hs6 35000000 39999999 47177.000000
hs6 40000000 44999999 87243.000000
hs6 45000000 49999999 2785402.000000
hs6 50000000 54999999 151291.000000
hs6 55000000 59999999 17697818.000000
hs6 60000000 64999999 89403.000000
hs6 65000000 69999999 118734.000000
hs6 70000000 74999999 61073.000000
hs6 75000000 79999999 8360.000000
hs6 80000000 84999999 27992.000000
hs6 85000000 89999999 40588.000000
hs6 90000000 94999999 17811.000000
hs6 95000000 99999999 8714.000000
hs6 100000000 104999999 12056.000000
hs6 105000000 109999999 14750.000000
hs6 110000000 114999999 23225.000000
hs6 115000000 119999999 17323.000000
hs6 120000000 124999999 11973.000000
hs6 125000000 129999999 12913.000000
hs6 130000000 134999999 27827.000000
hs6 135000000 139999999 13983.000000
hs6 140000000 144999999 10463.000000
hs6 145000000 149999999 10380.000000
hs6 150000000 154999999 31772.000000
hs6 155000000 159999999 13660.000000
hs6 160000000 164999999 18123.000000
hs6 165000000 169999999 20616.000000
hs6 170000000 174999999 36537.000000
hs17 0 4999999 78373.000000
hs17 5000000 9999999 47309.000000
hs17 10000000 14999999 8038.000000
hs17 15000000 19999999 87722.000000
hs17 20000000 24999999 42810.000000
hs17 25000000 29999999 46536.000000
hs17 30000000 34999999 18805.000000
hs17 35000000 39999999 89290.000000
hs17 40000000 44999999 91202.000000
hs17 45000000 49999999 47957.000000
hs17 50000000 54999999 9281.000000
hs17 55000000 59999999 31574.000000
hs17 60000000 64999999 42437.000000
hs17 65000000 69999999 31337.000000
hs17 70000000 74999999 42071.000000
hs17 75000000 79999999 27229.000000
hs17 80000000 84999999 6508.000000
hs14 15000000 19999999 17960.000000
hs14 20000000 24999999 94720.000000
hs14 25000000 29999999 7536.000000
hs14 30000000 34999999 8721.000000
hs14 35000000 39999999 58879.000000
hs14 40000000 44999999 9119.000000
hs14 45000000 49999999 7338.000000
hs14 50000000 54999999 19388.000000
hs14 55000000 59999999 23450.000000
hs14 60000000 64999999 32669.000000
hs14 65000000 69999999 40869.000000
hs14 70000000 74999999 24955.000000
hs14 75000000 79999999 53105.000000
hs14 80000000 84999999 16346.000000
hs14 85000000 89999999 8870.000000
hs14 90000000 94999999 12234.000000
hs14 95000000 99999999 34074.000000
hs14 100000000 104999999 67232.000000
hs14 105000000 109999999 18853.000000
hs21 5000000 9999999 6072.000000
hs21 10000000 14999999 12722.000000
hs21 15000000 19999999 15890.000000
hs21 20000000 24999999 10227.000000
hs21 25000000 29999999 12394.000000
hs21 30000000 34999999 16282.000000
hs21 35000000 39999999 8359.000000
hs21 40000000 44999999 13735.000000
hs21 45000000 49999999 19724.000000
