rn1 1000000 1999999 981.000000
rn1 2000000 2999999 1212.000000
rn1 3000000 3999999 539.000000
rn1 4000000 4999999 2307.000000
rn1 5000000 5999999 4240.000000
rn1 6000000 6999999 4021.000000
rn1 7000000 7999999 565.000000
rn1 8000000 8999999 658.000000
rn1 9000000 9999999 709.000000
rn1 10000000 10999999 1544.000000
rn1 11000000 11999999 2592.000000
rn1 12000000 12999999 1950.000000
rn1 13000000 13999999 934.000000
rn1 14000000 14999999 1421.000000
rn1 15000000 15999999 4763.000000
rn1 16000000 16999999 3622.000000
rn1 17000000 17999999 5047.000000
rn1 18000000 18999999 7140.000000
rn1 19000000 19999999 3334.000000
rn1 20000000 20999999 11043.000000
rn1 21000000 21999999 548.000000
rn1 22000000 22999999 2392.000000
rn1 23000000 23999999 1463.000000
rn1 24000000 24999999 2862.000000
rn1 25000000 25999999 348.000000
rn1 26000000 26999999 2701.000000
rn1 27000000 27999999 993.000000
rn1 28000000 28999999 2712.000000
rn1 29000000 29999999 15577.000000
rn1 31000000 31999999 337.000000
rn1 32000000 32999999 337.000000
rn1 33000000 33999999 1280.000000
rn1 34000000 34999999 3427.000000
rn1 35000000 35999999 1640.000000
rn1 36000000 36999999 2470.000000
rn1 37000000 37999999 9454.000000
rn1 39000000 39999999 846.000000
rn1 40000000 40999999 378.000000
rn1 41000000 41999999 733.000000
rn1 42000000 42999999 2227.000000
rn1 44000000 44999999 1363.000000
rn1 45000000 45999999 1923.000000
rn1 46000000 46999999 2034.000000
rn1 47000000 47999999 687.000000
rn1 48000000 48999999 609.000000
rn1 49000000 49999999 4575.000000
rn1 54000000 54999999 4104.000000
rn1 55000000 55999999 3270.000000
rn1 57000000 57999999 12044.000000
rn1 58000000 58999999 19566.000000
rn1 59000000 59999999 21690.000000
rn1 60000000 60999999 7487.000000
rn1 61000000 61999999 2215.000000
rn1 62000000 62999999 5075.000000
rn1 63000000 63999999 19458.000000
rn1 64000000 64999999 8848.000000
rn1 65000000 65999999 17940.000000
rn1 66000000 66999999 3211.000000
rn1 67000000 67999999 11089.000000
rn1 68000000 68999999 1652.000000
rn1 70000000 70999999 8916.000000
rn1 71000000 71999999 8853.000000
rn1 72000000 72999999 19037.000000
rn1 73000000 73999999 5227.000000
rn1 75000000 75999999 3015.000000
rn1 76000000 76999999 4190.000000
rn1 77000000 77999999 1504.000000
rn1 78000000 78999999 459.000000
rn1 79000000 79999999 17556.000000
rn1 80000000 80999999 2540.000000
rn1 81000000 81999999 980.000000
rn1 82000000 82999999 4800.000000
rn1 83000000 83999999 6991.000000
rn1 84000000 84999999 15293.000000
rn1 85000000 85999999 11613.000000
rn1 86000000 86999999 5776.000000
rn1 87000000 87999999 1705.000000
rn1 88000000 88999999 2067.000000
rn1 89000000 89999999 11088.000000
rn1 90000000 90999999 3568.000000
rn1 92000000 92999999 1267.000000
rn1 93000000 93999999 10103.000000
rn1 94000000 94999999 1454.000000
rn1 95000000 95999999 4012.000000
rn1 96000000 96999999 1049.000000
rn1 97000000 97999999 23964.000000
rn1 98000000 98999999 1730.000000
rn1 99000000 99999999 40.000000
rn1 100000000 100999999 2107.000000
rn1 101000000 101999999 1934.000000
rn1 102000000 102999999 108.000000
rn1 106000000 106999999 1976.000000
rn1 107000000 107999999 1462.000000
rn1 108000000 108999999 3075.000000
rn1 109000000 109999999 1800.000000
rn1 110000000 110999999 2442.000000
rn1 111000000 111999999 3372.000000
rn1 112000000 112999999 1033.000000
rn1 113000000 113999999 2887.000000
rn1 114000000 114999999 886.000000
rn1 116000000 116999999 1309.000000
rn1 117000000 117999999 4118.000000
rn1 118000000 118999999 1662.000000
rn1 119000000 119999999 248.000000
rn1 120000000 120999999 577.000000
rn1 121000000 121999999 1059.000000
rn1 122000000 122999999 3949.000000
rn1 123000000 123999999 716.000000
rn1 124000000 124999999 548.000000
rn1 125000000 125999999 1546.000000
rn1 127000000 127999999 709.000000
rn1 128000000 128999999 595.000000
rn1 129000000 129999999 2147.000000
rn1 130000000 130999999 999.000000
rn1 131000000 131999999 3248.000000
rn1 132000000 132999999 1656.000000
rn1 133000000 133999999 428.000000
rn1 134000000 134999999 763.000000
rn1 135000000 135999999 974.000000
rn1 136000000 136999999 4416.000000
rn1 137000000 137999999 12811.000000
rn1 138000000 138999999 578.000000
rn1 139000000 139999999 3716.000000
rn1 140000000 140999999 409.000000
rn1 141000000 141999999 3029.000000
rn1 142000000 142999999 14511.000000
rn1 143000000 143999999 1020.000000
rn1 144000000 144999999 1186.000000
rn1 146000000 146999999 4038.000000
rn1 147000000 147999999 1973.000000
rn1 148000000 148999999 510.000000
rn1 149000000 149999999 2242.000000
rn1 150000000 150999999 4133.000000
rn1 151000000 151999999 1103.000000
rn1 152000000 152999999 572.000000
rn1 153000000 153999999 597.000000
rn1 155000000 155999999 5068.000000
rn1 156000000 156999999 1104.000000
rn1 157000000 157999999 6456.000000
rn1 158000000 158999999 2310.000000
rn1 159000000 159999999 3468.000000
rn1 160000000 160999999 7005.000000
rn1 161000000 161999999 8848.000000
rn1 162000000 162999999 7940.000000
rn1 163000000 163999999 9932.000000
rn1 164000000 164999999 21735.000000
rn1 165000000 165999999 15467.000000
rn1 166000000 166999999 15935.000000
rn1 167000000 167999999 3750.000000
rn1 168000000 168999999 1333.000000
rn1 169000000 169999999 317.000000
rn1 170000000 170999999 1793.000000
rn1 171000000 171999999 2085.000000
rn1 172000000 172999999 3223.000000
rn1 175000000 175999999 301.000000
rn1 176000000 176999999 7920.000000
rn1 177000000 177999999 4841.000000
rn1 178000000 178999999 134.000000
rn1 179000000 179999999 52653.000000
rn1 180000000 180999999 1674.000000
rn1 181000000 181999999 1349.000000
rn1 182000000 182999999 1782.000000
rn1 183000000 183999999 458.000000
rn1 184000000 184999999 490.000000
rn1 185000000 185999999 7231.000000
rn1 186000000 186999999 10531.000000
rn1 187000000 187999999 3979.000000
rn1 188000000 188999999 932.000000
rn1 189000000 189999999 11956.000000
rn1 190000000 190999999 176.000000
rn1 191000000 191999999 1043.000000
rn1 192000000 192999999 15310.000000
rn1 193000000 193999999 695.000000
rn1 195000000 195999999 1598.000000
rn1 197000000 197999999 1321.000000
rn1 198000000 198999999 8312.000000
rn1 199000000 199999999 2015.000000
rn1 200000000 200999999 21192.000000
rn1 201000000 201999999 1169.000000
rn1 204000000 204999999 2009.000000
rn1 205000000 205999999 2437.000000
rn1 206000000 206999999 808.000000
rn1 207000000 207999999 2696.000000
rn1 208000000 208999999 3708.000000
rn1 209000000 209999999 2369.000000
rn1 210000000 210999999 1198.000000
rn1 211000000 211999999 1311.000000
rn1 212000000 212999999 2158.000000
rn1 213000000 213999999 10550.000000
rn1 214000000 214999999 11086.000000
rn1 215000000 215999999 14015.000000
rn1 216000000 216999999 30576.000000
rn1 217000000 217999999 3485.000000
rn1 218000000 218999999 1784.000000
rn1 219000000 219999999 1341.000000
rn1 220000000 220999999 1162.000000
rn1 221000000 221999999 475.000000
rn1 222000000 222999999 3076.000000
rn1 223000000 223999999 1992.000000
rn1 224000000 224999999 3164.000000
rn1 225000000 225999999 2645.000000
rn1 226000000 226999999 2156.000000
rn1 227000000 227999999 2408.000000
rn1 228000000 228999999 3317.000000
rn1 229000000 229999999 547.000000
rn1 230000000 230999999 1401.000000
rn1 231000000 231999999 274.000000
rn1 232000000 232999999 5720.000000
rn1 233000000 233999999 2561.000000
rn1 234000000 234999999 1361.000000
rn1 236000000 236999999 43081.000000
rn1 237000000 237999999 1432.000000
rn1 238000000 238999999 3178.000000
rn1 239000000 239999999 1700.000000
rn1 240000000 240999999 4672.000000
rn1 241000000 241999999 2643.000000
rn1 242000000 242999999 1206.000000
rn1 243000000 243999999 535.000000
rn1 245000000 245999999 1286.000000
rn1 246000000 246999999 618.000000
rn1 248000000 248999999 1366.000000
rn1 250000000 250999999 577.000000
rn1 251000000 251999999 6180.000000
rn1 252000000 252999999 5220.000000
rn1 253000000 253999999 1681.000000
rn1 254000000 254999999 1853.000000
rn1 256000000 256999999 582.000000
rn1 257000000 257999999 1115.000000
rn1 258000000 258999999 3799.000000
rn1 259000000 259999999 3754.000000
rn1 261000000 261999999 128.000000
rn1 262000000 262999999 320.000000
rn1 263000000 263999999 1019.000000
rn1 265000000 265999999 1350.000000
rn1 266000000 266999999 2535.000000
rn1 267000000 267999999 2123.000000
