rn1 0 999999 7730.000000
rn1 1000000 1999999 10745.000000
rn1 2000000 2999999 4910.000000
rn1 3000000 3999999 719.000000
rn1 4000000 4999999 3240.000000
rn1 5000000 5999999 1651.000000
rn1 6000000 6999999 2778.000000
rn1 7000000 7999999 3679.000000
rn1 9000000 9999999 919.000000
rn1 10000000 10999999 443.000000
rn1 11000000 11999999 2596.000000
rn1 12000000 12999999 731.000000
rn1 14000000 14999999 2919.000000
rn1 15000000 15999999 2451.000000
rn1 16000000 16999999 3721.000000
rn1 17000000 17999999 3272.000000
rn1 18000000 18999999 1674.000000
rn1 19000000 19999999 1385.000000
rn1 20000000 20999999 1760.000000
rn1 21000000 21999999 388.000000
rn1 22000000 22999999 2260.000000
rn1 23000000 23999999 2161.000000
rn1 24000000 24999999 3549.000000
rn1 25000000 25999999 267.000000
rn1 26000000 26999999 4716.000000
rn1 27000000 27999999 1034.000000
rn1 28000000 28999999 2784.000000
rn1 29000000 29999999 18148.000000
rn1 30000000 30999999 63968.000000
rn1 31000000 31999999 956.000000
rn1 32000000 32999999 963.000000
rn1 33000000 33999999 773.000000
rn1 34000000 34999999 1362.000000
rn1 35000000 35999999 1672.000000
rn1 37000000 37999999 2408.000000
rn1 38000000 38999999 1193.000000
rn1 39000000 39999999 277.000000
rn1 40000000 40999999 1236.000000
rn1 41000000 41999999 614.000000
rn1 42000000 42999999 5699.000000
rn1 44000000 44999999 1323.000000
rn1 45000000 45999999 4753.000000
rn1 46000000 46999999 2761.000000
rn1 47000000 47999999 416.000000
rn1 48000000 48999999 568.000000
rn1 49000000 49999999 10074.000000
rn1 53000000 53999999 72.000000
rn1 54000000 54999999 26241.000000
rn1 55000000 55999999 2407.000000
rn1 56000000 56999999 10650.000000
rn1 57000000 57999999 16468.000000
rn1 58000000 58999999 27670.000000
rn1 59000000 59999999 29137.000000
rn1 60000000 60999999 14633.000000
rn1 61000000 61999999 12035.000000
rn1 62000000 62999999 22372.000000
rn1 63000000 63999999 26962.000000
rn1 64000000 64999999 25822.000000
rn1 65000000 65999999 21741.000000
rn1 66000000 66999999 7247.000000
rn1 67000000 67999999 15772.000000
rn1 68000000 68999999 5160.000000
rn1 69000000 69999999 972.000000
rn1 70000000 70999999 19127.000000
rn1 71000000 71999999 18337.000000
rn1 72000000 72999999 26550.000000
rn1 73000000 73999999 17032.000000
rn1 74000000 74999999 101.000000
rn1 75000000 75999999 356.000000
rn1 76000000 76999999 3133.000000
rn1 77000000 77999999 1696.000000
rn1 78000000 78999999 10115.000000
rn1 79000000 79999999 16149.000000
rn1 80000000 80999999 14966.000000
rn1 81000000 81999999 1293.000000
rn1 82000000 82999999 9592.000000
rn1 83000000 83999999 10014.000000
rn1 84000000 84999999 12913.000000
rn1 85000000 85999999 20736.000000
rn1 86000000 86999999 5198.000000
rn1 87000000 87999999 32451.000000
rn1 88000000 88999999 1612.000000
rn1 89000000 89999999 1017.000000
rn1 90000000 90999999 52626.000000
rn1 91000000 91999999 9432.000000
rn1 92000000 92999999 301.000000
rn1 93000000 93999999 14309.000000
rn1 94000000 94999999 8699.000000
rn1 95000000 95999999 45304.000000
rn1 96000000 96999999 148204.000000
rn1 97000000 97999999 2270.000000
rn1 98000000 98999999 1400.000000
rn1 99000000 99999999 3088.000000
rn1 100000000 100999999 1713.000000
rn1 101000000 101999999 2726.000000
rn1 102000000 102999999 8111.000000
rn1 103000000 103999999 7501.000000
rn1 105000000 105999999 241.000000
rn1 106000000 106999999 2243.000000
rn1 107000000 107999999 81732.000000
rn1 108000000 108999999 894.000000
rn1 109000000 109999999 3423.000000
rn1 110000000 110999999 924.000000
rn1 111000000 111999999 8530.000000
rn1 112000000 112999999 1395.000000
rn1 113000000 113999999 8713.000000
rn1 114000000 114999999 1139.000000
rn1 115000000 115999999 4174.000000
rn1 116000000 116999999 3990.000000
rn1 117000000 117999999 2482.000000
rn1 118000000 118999999 13421.000000
rn1 119000000 119999999 204.000000
rn1 120000000 120999999 1188.000000
rn1 121000000 121999999 210.000000
rn1 122000000 122999999 3896.000000
rn1 123000000 123999999 928.000000
rn1 124000000 124999999 1317.000000
rn1 125000000 125999999 1495.000000
rn1 128000000 128999999 1182.000000
rn1 129000000 129999999 1483.000000
rn1 130000000 130999999 2447.000000
rn1 131000000 131999999 3308.000000
rn1 132000000 132999999 1378.000000
rn1 133000000 133999999 531.000000
rn1 134000000 134999999 699.000000
rn1 135000000 135999999 2377.000000
rn1 136000000 136999999 3858.000000
rn1 137000000 137999999 432.000000
rn1 138000000 138999999 2958.000000
rn1 139000000 139999999 1046.000000
rn1 140000000 140999999 4941.000000
rn1 141000000 141999999 13153.000000
rn1 142000000 142999999 16029.000000
rn1 143000000 143999999 3818.000000
rn1 144000000 144999999 1197.000000
rn1 145000000 145999999 158.000000
rn1 146000000 146999999 2877.000000
rn1 147000000 147999999 2286.000000
rn1 148000000 148999999 394.000000
rn1 149000000 149999999 5520.000000
rn1 150000000 150999999 5046.000000
rn1 151000000 151999999 1103.000000
rn1 152000000 152999999 904.000000
rn1 153000000 153999999 154.000000
rn1 154000000 154999999 1527.000000
rn1 155000000 155999999 3563.000000
rn1 156000000 156999999 6644.000000
rn1 157000000 157999999 4857.000000
rn1 158000000 158999999 2812.000000
rn1 159000000 159999999 1921.000000
rn1 160000000 160999999 8368.000000
rn1 161000000 161999999 12275.000000
rn1 162000000 162999999 16284.000000
rn1 163000000 163999999 17114.000000
rn1 164000000 164999999 24442.000000
rn1 165000000 165999999 27971.000000
rn1 166000000 166999999 17822.000000
rn1 167000000 167999999 3435.000000
rn1 168000000 168999999 1651.000000
rn1 169000000 169999999 1013.000000
rn1 171000000 171999999 3633.000000
rn1 172000000 172999999 1612.000000
rn1 174000000 174999999 1605257.000000
rn1 175000000 175999999 2662.000000
rn1 176000000 176999999 11444545.000000
rn1 177000000 177999999 113280.000000
rn1 178000000 178999999 17481.000000
rn1 179000000 179999999 234108.000000
rn1 180000000 180999999 4483.000000
rn1 181000000 181999999 20231.000000
rn1 182000000 182999999 49983.000000
rn1 183000000 183999999 9726.000000
rn1 184000000 184999999 3199.000000
rn1 185000000 185999999 839118.000000
rn1 186000000 186999999 56886.000000
rn1 187000000 187999999 32484.000000
rn1 188000000 188999999 1343.000000
rn1 189000000 189999999 1278.000000
rn1 190000000 190999999 146.000000
rn1 191000000 191999999 1036.000000
rn1 192000000 192999999 2496.000000
rn1 193000000 193999999 895.000000
rn1 195000000 195999999 1249.000000
rn1 197000000 197999999 946.000000
rn1 199000000 199999999 2751.000000
rn1 200000000 200999999 33171.000000
rn1 201000000 201999999 5372.000000
rn1 202000000 202999999 296.000000
rn1 203000000 203999999 586.000000
rn1 204000000 204999999 5824.000000
rn1 205000000 205999999 1057.000000
rn1 206000000 206999999 14408.000000
rn1 207000000 207999999 2427.000000
rn1 208000000 208999999 4286.000000
rn1 209000000 209999999 1592.000000
rn1 210000000 210999999 1369.000000
rn1 211000000 211999999 2859.000000
rn1 212000000 212999999 5054.000000
rn1 213000000 213999999 1284.000000
rn1 214000000 214999999 11492.000000
rn1 215000000 215999999 16808.000000
rn1 216000000 216999999 36096.000000
rn1 217000000 217999999 4424.000000
rn1 218000000 218999999 1522.000000
rn1 219000000 219999999 2084.000000
rn1 220000000 220999999 1152.000000
rn1 221000000 221999999 476.000000
rn1 222000000 222999999 4178.000000
rn1 223000000 223999999 1923.000000
rn1 224000000 224999999 5465.000000
rn1 225000000 225999999 655.000000
rn1 226000000 226999999 2971.000000
rn1 227000000 227999999 1819.000000
rn1 228000000 228999999 4729.000000
rn1 229000000 229999999 365.000000
rn1 230000000 230999999 1351.000000
rn1 231000000 231999999 465.000000
rn1 232000000 232999999 5233.000000
rn1 233000000 233999999 3317.000000
rn1 234000000 234999999 811.000000
rn1 235000000 235999999 626.000000
rn1 236000000 236999999 4802.000000
rn1 237000000 237999999 879.000000
rn1 238000000 238999999 4472.000000
rn1 239000000 239999999 1683.000000
rn1 240000000 240999999 3084.000000
rn1 241000000 241999999 2225.000000
rn1 242000000 242999999 4317.000000
rn1 243000000 243999999 694.000000
rn1 245000000 245999999 2430.000000
rn1 247000000 247999999 1605.000000
rn1 248000000 248999999 1388.000000
rn1 249000000 249999999 4602.000000
rn1 250000000 250999999 1516.000000
rn1 251000000 251999999 4509.000000
rn1 252000000 252999999 3878.000000
rn1 253000000 253999999 2191.000000
rn1 254000000 254999999 1463.000000
rn1 255000000 255999999 505.000000
rn1 257000000 257999999 1788.000000
rn1 258000000 258999999 3494.000000
rn1 259000000 259999999 713.000000
rn1 260000000 260999999 475.000000
rn1 261000000 261999999 1651.000000
rn1 262000000 262999999 1754.000000
rn1 263000000 263999999 3780.000000
rn1 264000000 264999999 308.000000
rn1 266000000 266999999 1287.000000
rn1 267000000 267999999 31319.000000
