rn1 0 999999 6616.000000
rn1 1000000 1999999 7989.000000
rn1 2000000 2999999 2607.000000
rn1 3000000 3999999 4596.000000
rn1 4000000 4999999 3032.000000
rn1 5000000 5999999 2715.000000
rn1 6000000 6999999 1779.000000
rn1 7000000 7999999 3931.000000
rn1 8000000 8999999 2345.000000
rn1 9000000 9999999 675.000000
rn1 10000000 10999999 1748.000000
rn1 11000000 11999999 2596.000000
rn1 12000000 12999999 3476.000000
rn1 13000000 13999999 4638.000000
rn1 14000000 14999999 2899.000000
rn1 15000000 15999999 25022.000000
rn1 16000000 16999999 6749.000000
rn1 17000000 17999999 5273.000000
rn1 18000000 18999999 1210.000000
rn1 19000000 19999999 2146.000000
rn1 20000000 20999999 2553.000000
rn1 21000000 21999999 5969.000000
rn1 22000000 22999999 4824.000000
rn1 23000000 23999999 2956.000000
rn1 24000000 24999999 6731.000000
rn1 25000000 25999999 575.000000
rn1 26000000 26999999 9934.000000
rn1 27000000 27999999 924.000000
rn1 28000000 28999999 2634.000000
rn1 29000000 29999999 904819.000000
rn1 30000000 30999999 20175.000000
rn1 31000000 31999999 571.000000
rn1 32000000 32999999 586.000000
rn1 33000000 33999999 868.000000
rn1 34000000 34999999 1741.000000
rn1 35000000 35999999 1799.000000
rn1 36000000 36999999 1722.000000
rn1 37000000 37999999 1431.000000
rn1 38000000 38999999 1073.000000
rn1 40000000 40999999 906.000000
rn1 41000000 41999999 21652.000000
rn1 42000000 42999999 15995.000000
rn1 43000000 43999999 816.000000
rn1 44000000 44999999 1322.000000
rn1 45000000 45999999 3488.000000
rn1 46000000 46999999 10772.000000
rn1 47000000 47999999 1504.000000
rn1 48000000 48999999 2298.000000
rn1 49000000 49999999 11752.000000
rn1 51000000 51999999 234.000000
rn1 52000000 52999999 759.000000
rn1 53000000 53999999 5331.000000
rn1 54000000 54999999 1737700.000000
rn1 55000000 55999999 78407.000000
rn1 56000000 56999999 24145.000000
rn1 57000000 57999999 6181.000000
rn1 58000000 58999999 1945.000000
rn1 59000000 59999999 19713.000000
rn1 60000000 60999999 12370.000000
rn1 61000000 61999999 9982.000000
rn1 62000000 62999999 8382.000000
rn1 63000000 63999999 8832.000000
rn1 64000000 64999999 14448.000000
rn1 65000000 65999999 22505.000000
rn1 66000000 66999999 4303.000000
rn1 67000000 67999999 13019.000000
rn1 68000000 68999999 228.000000
rn1 69000000 69999999 926.000000
rn1 70000000 70999999 14022.000000
rn1 71000000 71999999 5135.000000
rn1 72000000 72999999 13975.000000
rn1 73000000 73999999 5955.000000
rn1 74000000 74999999 256.000000
rn1 75000000 75999999 436.000000
rn1 76000000 76999999 6942.000000
rn1 77000000 77999999 5310.000000
rn1 78000000 78999999 13199.000000
rn1 79000000 79999999 52685.000000
rn1 80000000 80999999 23604.000000
rn1 81000000 81999999 1107.000000
rn1 82000000 82999999 12384.000000
rn1 83000000 83999999 14222.000000
rn1 84000000 84999999 24166.000000
rn1 85000000 85999999 18077.000000
rn1 86000000 86999999 9684.000000
rn1 87000000 87999999 3545.000000
rn1 88000000 88999999 5608.000000
rn1 89000000 89999999 4749.000000
rn1 90000000 90999999 5341.000000
rn1 91000000 91999999 5190.000000
rn1 92000000 92999999 3484.000000
rn1 93000000 93999999 12381.000000
rn1 94000000 94999999 8701.000000
rn1 95000000 95999999 19090.000000
rn1 96000000 96999999 1754.000000
rn1 97000000 97999999 3475.000000
rn1 98000000 98999999 1561.000000
rn1 99000000 99999999 4264.000000
rn1 100000000 100999999 3904.000000
rn1 101000000 101999999 4542.000000
rn1 102000000 102999999 7012.000000
rn1 103000000 103999999 4320.000000
rn1 104000000 104999999 3334.000000
rn1 105000000 105999999 287.000000
rn1 106000000 106999999 10261.000000
rn1 107000000 107999999 28298.000000
rn1 108000000 108999999 8757.000000
rn1 109000000 109999999 4915.000000
rn1 110000000 110999999 4022.000000
rn1 111000000 111999999 5527.000000
rn1 112000000 112999999 1846.000000
rn1 113000000 113999999 6378.000000
rn1 114000000 114999999 3552.000000
rn1 116000000 116999999 2514.000000
rn1 117000000 117999999 11434.000000
rn1 118000000 118999999 4367.000000
rn1 119000000 119999999 5113.000000
rn1 120000000 120999999 30706.000000
rn1 121000000 121999999 2882.000000
rn1 122000000 122999999 4836.000000
rn1 123000000 123999999 3178.000000
rn1 124000000 124999999 3855.000000
rn1 125000000 125999999 10312.000000
rn1 126000000 126999999 1335.000000
rn1 127000000 127999999 1240.000000
rn1 128000000 128999999 35152.000000
rn1 129000000 129999999 2823.000000
rn1 130000000 130999999 6549.000000
rn1 131000000 131999999 8957.000000
rn1 132000000 132999999 277.000000
rn1 133000000 133999999 907.000000
rn1 134000000 134999999 6855.000000
rn1 135000000 135999999 6083.000000
rn1 136000000 136999999 25526.000000
rn1 137000000 137999999 23799.000000
rn1 138000000 138999999 1802.000000
rn1 139000000 139999999 3963.000000
rn1 140000000 140999999 1253.000000
rn1 141000000 141999999 9311.000000
rn1 142000000 142999999 17301.000000
rn1 143000000 143999999 4241.000000
rn1 144000000 144999999 2597.000000
rn1 145000000 145999999 840.000000
rn1 146000000 146999999 8160.000000
rn1 147000000 147999999 6976.000000
rn1 148000000 148999999 466.000000
rn1 149000000 149999999 4221.000000
rn1 150000000 150999999 5520.000000
rn1 151000000 151999999 1252.000000
rn1 152000000 152999999 537.000000
rn1 153000000 153999999 1902.000000
rn1 154000000 154999999 26807.000000
rn1 155000000 155999999 6378.000000
rn1 156000000 156999999 6943.000000
rn1 157000000 157999999 14591.000000
rn1 158000000 158999999 13051.000000
rn1 159000000 159999999 5407.000000
rn1 160000000 160999999 10880.000000
rn1 161000000 161999999 9591.000000
rn1 162000000 162999999 30238.000000
rn1 163000000 163999999 33198.000000
rn1 164000000 164999999 29704.000000
rn1 165000000 165999999 31488.000000
rn1 166000000 166999999 18334.000000
rn1 167000000 167999999 6649.000000
rn1 168000000 168999999 2868.000000
rn1 169000000 169999999 1042.000000
rn1 170000000 170999999 2532.000000
rn1 171000000 171999999 4570.000000
rn1 172000000 172999999 5708.000000
rn1 173000000 173999999 1003.000000
rn1 174000000 174999999 3202.000000
rn1 175000000 175999999 9598.000000
rn1 176000000 176999999 8014.000000
rn1 177000000 177999999 1581.000000
rn1 178000000 178999999 4528.000000
rn1 179000000 179999999 7541.000000
rn1 180000000 180999999 1497.000000
rn1 181000000 181999999 4896.000000
rn1 182000000 182999999 4347.000000
rn1 183000000 183999999 5384.000000
rn1 184000000 184999999 1270.000000
rn1 185000000 185999999 6845.000000
rn1 186000000 186999999 17266.000000
rn1 187000000 187999999 5982.000000
rn1 188000000 188999999 2243.000000
rn1 189000000 189999999 12140.000000
rn1 190000000 190999999 6676.000000
rn1 191000000 191999999 3300.000000
rn1 192000000 192999999 14154.000000
rn1 193000000 193999999 3111.000000
rn1 194000000 194999999 7605.000000
rn1 195000000 195999999 2018.000000
rn1 196000000 196999999 5682.000000
rn1 197000000 197999999 3689.000000
rn1 198000000 198999999 14347.000000
rn1 199000000 199999999 8333.000000
rn1 200000000 200999999 21295.000000
rn1 201000000 201999999 11666.000000
rn1 202000000 202999999 1715.000000
rn1 204000000 204999999 2521.000000
rn1 205000000 205999999 3147.000000
rn1 206000000 206999999 1373.000000
rn1 207000000 207999999 7165.000000
rn1 208000000 208999999 7645.000000
rn1 209000000 209999999 18914.000000
rn1 210000000 210999999 4441.000000
rn1 211000000 211999999 21973.000000
rn1 212000000 212999999 7441.000000
rn1 213000000 213999999 10712.000000
rn1 214000000 214999999 10827.000000
rn1 215000000 215999999 16422.000000
rn1 216000000 216999999 39313.000000
rn1 217000000 217999999 3870.000000
rn1 218000000 218999999 1109.000000
rn1 219000000 219999999 4272.000000
rn1 220000000 220999999 11841.000000
rn1 221000000 221999999 1483.000000
rn1 222000000 222999999 4736.000000
rn1 223000000 223999999 2460.000000
rn1 224000000 224999999 4287.000000
rn1 225000000 225999999 1076.000000
rn1 226000000 226999999 2711.000000
rn1 227000000 227999999 6330.000000
rn1 228000000 228999999 6617.000000
rn1 229000000 229999999 497.000000
rn1 230000000 230999999 2071.000000
rn1 231000000 231999999 2577.000000
rn1 232000000 232999999 17089.000000
rn1 233000000 233999999 7641.000000
rn1 234000000 234999999 3440.000000
rn1 235000000 235999999 608.000000
rn1 236000000 236999999 1357.000000
rn1 237000000 237999999 6952.000000
rn1 238000000 238999999 7556.000000
rn1 239000000 239999999 2323.000000
rn1 240000000 240999999 4132.000000
rn1 241000000 241999999 9669.000000
rn1 242000000 242999999 10951.000000
rn1 243000000 243999999 1789.000000
rn1 244000000 244999999 110.000000
rn1 245000000 245999999 1551.000000
rn1 246000000 246999999 16792.000000
rn1 247000000 247999999 2022.000000
rn1 248000000 248999999 1727.000000
rn1 249000000 249999999 8919.000000
rn1 250000000 250999999 19535.000000
rn1 251000000 251999999 24928.000000
rn1 252000000 252999999 23906.000000
rn1 253000000 253999999 4341.000000
rn1 254000000 254999999 1582.000000
rn1 255000000 255999999 5394.000000
rn1 256000000 256999999 632.000000
rn1 257000000 257999999 1748.000000
rn1 258000000 258999999 4191.000000
rn1 259000000 259999999 5203.000000
rn1 260000000 260999999 1661.000000
rn1 261000000 261999999 4281.000000
rn1 262000000 262999999 3699.000000
rn1 263000000 263999999 6760.000000
rn1 264000000 264999999 1410.000000
rn1 265000000 265999999 1297.000000
rn1 266000000 266999999 3352.000000
rn1 267000000 267999999 23250.000000
