mm1 3000000 3999999 365.000000
mm1 4000000 4999999 7227.000000
mm1 5000000 5999999 5629.000000
mm1 6000000 6999999 25995.000000
mm1 7000000 7999999 8264.000000
mm1 8000000 8999999 1168.000000
mm1 9000000 9999999 10419.000000
mm1 10000000 10999999 5465.000000
mm1 11000000 11999999 1689.000000
mm1 12000000 12999999 5001.000000
mm1 13000000 13999999 9107.000000
mm1 14000000 14999999 2932.000000
mm1 15000000 15999999 6870.000000
mm1 16000000 16999999 10128.000000
mm1 17000000 17999999 14179.000000
mm1 18000000 18999999 8120.000000
mm1 19000000 19999999 8095.000000
mm1 20000000 20999999 4989.000000
mm1 21000000 21999999 8898.000000
mm1 22000000 22999999 5725.000000
mm1 23000000 23999999 6949.000000
mm1 24000000 24999999 8305.000000
mm1 25000000 25999999 3091.000000
mm1 26000000 26999999 895.000000
mm1 27000000 27999999 517.000000
mm1 28000000 28999999 1659.000000
mm1 29000000 29999999 3430.000000
mm1 30000000 30999999 9054.000000
mm1 31000000 31999999 5014.000000
mm1 32000000 32999999 3345.000000
mm1 33000000 33999999 2381.000000
mm1 34000000 34999999 405176.000000
mm1 35000000 35999999 1260262.000000
mm1 36000000 36999999 7612258.000000
mm1 37000000 37999999 18797.000000
mm1 38000000 38999999 34438.000000
mm1 39000000 39999999 6771.000000
mm1 40000000 40999999 10395.000000
mm1 41000000 41999999 1549.000000
mm1 42000000 42999999 3616.000000
mm1 43000000 43999999 15413.000000
mm1 44000000 44999999 1642371.000000
mm1 45000000 45999999 45633.000000
mm1 46000000 46999999 7225665.000000
mm1 47000000 47999999 24303.000000
mm1 48000000 48999999 167567.000000
mm1 49000000 49999999 22450.000000
mm1 50000000 50999999 19119.000000
mm1 51000000 51999999 4944.000000
mm1 52000000 52999999 11625.000000
mm1 53000000 53999999 42331458.000000
mm1 54000000 54999999 1577.000000
mm1 55000000 55999999 18286.000000
mm1 56000000 56999999 6762.000000
mm1 57000000 57999999 10916.000000
mm1 58000000 58999999 130027.000000
mm1 59000000 59999999 11419.000000
mm1 60000000 60999999 21698.000000
mm1 61000000 61999999 5938.000000
mm1 62000000 62999999 5342.000000
mm1 63000000 63999999 20818.000000
mm1 64000000 64999999 8377.000000
mm1 65000000 65999999 26056.000000
mm1 66000000 66999999 11934.000000
mm1 67000000 67999999 11409.000000
mm1 68000000 68999999 9455.000000
mm1 69000000 69999999 1630.000000
mm1 70000000 70999999 29015.000000
mm1 71000000 71999999 7117.000000
mm1 72000000 72999999 75296.000000
mm1 73000000 73999999 5271.000000
mm1 74000000 74999999 24270.000000
mm1 75000000 75999999 22210.000000
mm1 76000000 76999999 1593.000000
mm1 77000000 77999999 6731.000000
mm1 78000000 78999999 26493.000000
mm1 79000000 79999999 15432.000000
mm1 80000000 80999999 3916.000000
mm1 81000000 81999999 2303.000000
mm1 82000000 82999999 25366.000000
mm1 83000000 83999999 10404.000000
mm1 84000000 84999999 39490.000000
mm1 85000000 85999999 208719.000000
mm1 87000000 87999999 107521.000000
mm1 88000000 88999999 41460.000000
mm1 89000000 89999999 175620.000000
mm1 90000000 90999999 64113.000000
mm1 91000000 91999999 4991.000000
mm1 92000000 92999999 9101.000000
mm1 93000000 93999999 1075.000000
mm1 94000000 94999999 32620.000000
mm1 95000000 95999999 110801.000000
mm1 96000000 96999999 5310.000000
mm1 97000000 97999999 744.000000
mm1 98000000 98999999 2615.000000
mm1 99000000 99999999 1382.000000
mm1 100000000 100999999 1946657.000000
mm1 101000000 101999999 52082.000000
mm1 102000000 102999999 691940.000000
mm1 103000000 103999999 372750.000000
mm1 104000000 104999999 511045.000000
mm1 105000000 105999999 287132.000000
mm1 106000000 106999999 8022.000000
mm1 107000000 107999999 7382.000000
mm1 108000000 108999999 1743.000000
mm1 109000000 109999999 1759.000000
mm1 110000000 110999999 2328.000000
mm1 111000000 111999999 1844.000000
mm1 112000000 112999999 4879.000000
mm1 113000000 113999999 3844.000000
mm1 114000000 114999999 883105.000000
mm1 115000000 115999999 2962430.000000
mm1 116000000 116999999 153.000000
mm1 117000000 117999999 81339.000000
mm1 118000000 118999999 360099.000000
mm1 119000000 119999999 200718.000000
mm1 120000000 120999999 7411603.000000
mm1 121000000 121999999 14456.000000
mm1 122000000 122999999 7507.000000
mm1 123000000 123999999 23766.000000
mm1 124000000 124999999 3551.000000
mm1 125000000 125999999 7114.000000
mm1 126000000 126999999 4345.000000
mm1 127000000 127999999 4733026.000000
mm1 128000000 128999999 5582.000000
mm1 129000000 129999999 7173.000000
mm1 130000000 130999999 14011.000000
mm1 131000000 131999999 7799.000000
mm1 132000000 132999999 5361.000000
mm1 133000000 133999999 4693.000000
mm1 134000000 134999999 4265.000000
mm1 135000000 135999999 10808.000000
mm1 136000000 136999999 6519.000000
mm1 137000000 137999999 9573.000000
mm1 138000000 138999999 7849.000000
mm1 139000000 139999999 1131.000000
mm1 140000000 140999999 4387.000000
mm1 141000000 141999999 2636.000000
mm1 142000000 142999999 639.000000
mm1 143000000 143999999 1846.000000
mm1 144000000 144999999 2989.000000
mm1 145000000 145999999 4533.000000
mm1 146000000 146999999 4025.000000
mm1 147000000 147999999 11003.000000
mm1 148000000 148999999 597.000000
mm1 149000000 149999999 24199.000000
mm1 150000000 150999999 3506.000000
mm1 151000000 151999999 3002.000000
mm1 152000000 152999999 2961.000000
mm1 153000000 153999999 5860.000000
mm1 154000000 154999999 5488.000000
mm1 155000000 155999999 9325.000000
mm1 156000000 156999999 1467.000000
mm1 157000000 157999999 6822.000000
mm1 158000000 158999999 2759.000000
mm1 159000000 159999999 7291.000000
mm1 160000000 160999999 581.000000
mm1 161000000 161999999 3915.000000
mm1 162000000 162999999 8701.000000
mm1 163000000 163999999 10690.000000
mm1 164000000 164999999 5117.000000
mm1 165000000 165999999 2929.000000
mm1 166000000 166999999 2289.000000
mm1 167000000 167999999 8834.000000
mm1 168000000 168999999 3178.000000
mm1 169000000 169999999 3370.000000
mm1 171000000 171999999 1517.000000
mm1 172000000 172999999 3030.000000
mm1 173000000 173999999 12429.000000
mm1 174000000 174999999 18132.000000
mm1 175000000 175999999 9204.000000
mm1 176000000 176999999 13689.000000
mm1 177000000 177999999 1482.000000
mm1 178000000 178999999 14668.000000
mm1 179000000 179999999 4586.000000
mm1 180000000 180999999 6775.000000
mm1 181000000 181999999 60331.000000
mm1 182000000 182999999 16705.000000
mm1 183000000 183999999 8721.000000
mm1 184000000 184999999 7731.000000
mm1 185000000 185999999 575.000000
mm1 186000000 186999999 3416.000000
mm1 187000000 187999999 2695.000000
mm1 188000000 188999999 3096.000000
mm1 189000000 189999999 163.000000
mm1 190000000 190999999 251.000000
mm1 191000000 191999999 571.000000
mm1 192000000 192999999 3035.000000
mm1 193000000 193999999 13644.000000
mm1 194000000 194999999 1540.000000
mm1 195000000 195999999 1653.000000
mm1 196000000 196999999 516.000000
mm1 197000000 197999999 5044.000000
