rn1 1000000 1999999 1516.000000
rn1 2000000 2999999 20504.000000
rn1 3000000 3999999 607.000000
rn1 4000000 4999999 2579.000000
rn1 5000000 5999999 3612.000000
rn1 6000000 6999999 3741.000000
rn1 7000000 7999999 4373.000000
rn1 8000000 8999999 15109.000000
rn1 9000000 9999999 393.000000
rn1 10000000 10999999 1463.000000
rn1 11000000 11999999 3243.000000
rn1 12000000 12999999 3421.000000
rn1 13000000 13999999 1404.000000
rn1 14000000 14999999 3814.000000
rn1 15000000 15999999 535.000000
rn1 16000000 16999999 4343.000000
rn1 17000000 17999999 3783.000000
rn1 18000000 18999999 1751.000000
rn1 19000000 19999999 3256.000000
rn1 20000000 20999999 4749.000000
rn1 21000000 21999999 1731.000000
rn1 22000000 22999999 4713.000000
rn1 23000000 23999999 4389.000000
rn1 24000000 24999999 4352.000000
rn1 25000000 25999999 348.000000
rn1 26000000 26999999 5094.000000
rn1 27000000 27999999 5425.000000
rn1 28000000 28999999 2659.000000
rn1 29000000 29999999 26626.000000
rn1 30000000 30999999 2185.000000
rn1 33000000 33999999 980.000000
rn1 34000000 34999999 2039.000000
rn1 35000000 35999999 1646.000000
rn1 36000000 36999999 1126.000000
rn1 37000000 37999999 4760.000000
rn1 38000000 38999999 467.000000
rn1 39000000 39999999 186.000000
rn1 40000000 40999999 2608.000000
rn1 41000000 41999999 1501.000000
rn1 42000000 42999999 3869.000000
rn1 43000000 43999999 727.000000
rn1 44000000 44999999 1380.000000
rn1 45000000 45999999 4647.000000
rn1 46000000 46999999 1500.000000
rn1 47000000 47999999 1569.000000
rn1 48000000 48999999 1594.000000
rn1 49000000 49999999 2584.000000
rn1 53000000 53999999 233.000000
rn1 54000000 54999999 6042.000000
rn1 55000000 55999999 2552.000000
rn1 56000000 56999999 1437.000000
rn1 57000000 57999999 3136.000000
rn1 58000000 58999999 9038.000000
rn1 59000000 59999999 17339.000000
rn1 60000000 60999999 8439.000000
rn1 61000000 61999999 1800.000000
rn1 62000000 62999999 4002.000000
rn1 63000000 63999999 4609.000000
rn1 64000000 64999999 9047.000000
rn1 65000000 65999999 21355.000000
rn1 66000000 66999999 3036.000000
rn1 67000000 67999999 11756.000000
rn1 68000000 68999999 139.000000
rn1 70000000 70999999 9518.000000
rn1 71000000 71999999 5650.000000
rn1 72000000 72999999 14718.000000
rn1 73000000 73999999 10402.000000
rn1 74000000 74999999 992.000000
rn1 76000000 76999999 5863.000000
rn1 77000000 77999999 2198.000000
rn1 78000000 78999999 6829.000000
rn1 79000000 79999999 16907.000000
rn1 80000000 80999999 21433.000000
rn1 81000000 81999999 42790.000000
rn1 82000000 82999999 19770.000000
rn1 83000000 83999999 6600.000000
rn1 84000000 84999999 15802.000000
rn1 85000000 85999999 15498.000000
rn1 86000000 86999999 7099.000000
rn1 87000000 87999999 4077.000000
rn1 88000000 88999999 6469.000000
rn1 89000000 89999999 1623.000000
rn1 90000000 90999999 7798.000000
rn1 91000000 91999999 2554.000000
rn1 92000000 92999999 1244.000000
rn1 93000000 93999999 11302.000000
rn1 94000000 94999999 2811.000000
rn1 95000000 95999999 7847.000000
rn1 96000000 96999999 2483.000000
rn1 97000000 97999999 12425.000000
rn1 98000000 98999999 2497.000000
rn1 100000000 100999999 1859.000000
rn1 101000000 101999999 3441.000000
rn1 102000000 102999999 4009.000000
rn1 103000000 103999999 2002.000000
rn1 104000000 104999999 157.000000
rn1 106000000 106999999 7634.000000
rn1 107000000 107999999 2331.000000
rn1 108000000 108999999 8757.000000
rn1 109000000 109999999 1804.000000
rn1 110000000 110999999 963.000000
rn1 111000000 111999999 9829.000000
rn1 112000000 112999999 1754.000000
rn1 113000000 113999999 12042.000000
rn1 114000000 114999999 1497.000000
rn1 116000000 116999999 4237.000000
rn1 117000000 117999999 7507.000000
rn1 118000000 118999999 3797.000000
rn1 119000000 119999999 1626.000000
rn1 120000000 120999999 1295.000000
rn1 121000000 121999999 1470.000000
rn1 122000000 122999999 5492.000000
rn1 123000000 123999999 1188.000000
rn1 124000000 124999999 2164.000000
rn1 125000000 125999999 1971.000000
rn1 126000000 126999999 1191.000000
rn1 127000000 127999999 388.000000
rn1 128000000 128999999 5113.000000
rn1 129000000 129999999 6155.000000
rn1 130000000 130999999 1740.000000
rn1 131000000 131999999 6720.000000
rn1 132000000 132999999 1557.000000
rn1 133000000 133999999 360.000000
rn1 134000000 134999999 1832.000000
rn1 135000000 135999999 2034.000000
rn1 136000000 136999999 5612.000000
rn1 137000000 137999999 4645.000000
rn1 138000000 138999999 2611.000000
rn1 139000000 139999999 951.000000
rn1 140000000 140999999 460.000000
rn1 141000000 141999999 3027.000000
rn1 142000000 142999999 28881.000000
rn1 143000000 143999999 1388.000000
rn1 144000000 144999999 2048.000000
rn1 145000000 145999999 4359.000000
rn1 146000000 146999999 1789.000000
rn1 147000000 147999999 2258.000000
rn1 148000000 148999999 552.000000
rn1 149000000 149999999 4381.000000
rn1 150000000 150999999 4734.000000
rn1 151000000 151999999 1800.000000
rn1 152000000 152999999 226479.000000
rn1 153000000 153999999 863.000000
rn1 154000000 154999999 2684.000000
rn1 155000000 155999999 22071.000000
rn1 156000000 156999999 1354.000000
rn1 157000000 157999999 14956.000000
rn1 158000000 158999999 3817.000000
rn1 159000000 159999999 5435.000000
rn1 160000000 160999999 8832.000000
rn1 161000000 161999999 8804.000000
rn1 162000000 162999999 6262.000000
rn1 163000000 163999999 7990.000000
rn1 164000000 164999999 24727.000000
rn1 165000000 165999999 29185.000000
rn1 166000000 166999999 17919.000000
rn1 167000000 167999999 3426.000000
rn1 168000000 168999999 3228.000000
rn1 169000000 169999999 1745.000000
rn1 170000000 170999999 133.000000
rn1 171000000 171999999 1480.000000
rn1 172000000 172999999 5262.000000
rn1 175000000 175999999 1491.000000
rn1 176000000 176999999 15458.000000
rn1 177000000 177999999 10282.000000
rn1 178000000 178999999 1192.000000
rn1 179000000 179999999 90803.000000
rn1 180000000 180999999 2226.000000
rn1 181000000 181999999 4257.000000
rn1 182000000 182999999 2358.000000
rn1 183000000 183999999 3238.000000
rn1 185000000 185999999 7058.000000
rn1 186000000 186999999 13100.000000
rn1 187000000 187999999 12491896.000000
rn1 188000000 188999999 2033.000000
rn1 189000000 189999999 3021.000000
rn1 190000000 190999999 242102.000000
rn1 191000000 191999999 6118.000000
rn1 192000000 192999999 17635.000000
rn1 193000000 193999999 3632.000000
rn1 194000000 194999999 92115.000000
rn1 195000000 195999999 13798.000000
rn1 196000000 196999999 2561.000000
rn1 197000000 197999999 3556.000000
rn1 198000000 198999999 2286.000000
rn1 199000000 199999999 13908.000000
rn1 200000000 200999999 66209.000000
rn1 201000000 201999999 5568.000000
rn1 202000000 202999999 12231.000000
rn1 203000000 203999999 121.000000
rn1 204000000 204999999 2632.000000
rn1 205000000 205999999 4647.000000
rn1 206000000 206999999 1893.000000
rn1 207000000 207999999 8503.000000
rn1 208000000 208999999 10024.000000
rn1 209000000 209999999 21387.000000
rn1 210000000 210999999 2816.000000
rn1 211000000 211999999 3534.000000
rn1 212000000 212999999 2811.000000
rn1 213000000 213999999 5640.000000
rn1 214000000 214999999 9374.000000
rn1 215000000 215999999 15147.000000
rn1 216000000 216999999 34819.000000
rn1 217000000 217999999 5763.000000
rn1 218000000 218999999 1544.000000
rn1 219000000 219999999 2612.000000
rn1 220000000 220999999 3259.000000
rn1 221000000 221999999 602.000000
rn1 222000000 222999999 3289.000000
rn1 223000000 223999999 5878.000000
rn1 224000000 224999999 3539.000000
rn1 225000000 225999999 3693.000000
rn1 226000000 226999999 2435.000000
rn1 227000000 227999999 7016.000000
rn1 228000000 228999999 6846.000000
rn1 229000000 229999999 672.000000
rn1 230000000 230999999 483.000000
rn1 231000000 231999999 967.000000
rn1 232000000 232999999 13182.000000
rn1 233000000 233999999 2052918.000000
rn1 234000000 234999999 1355.000000
rn1 235000000 235999999 433412.000000
rn1 236000000 236999999 31284209.000000
rn1 237000000 237999999 139493.000000
rn1 238000000 238999999 28437.000000
rn1 239000000 239999999 19024.000000
rn1 240000000 240999999 12401.000000
rn1 241000000 241999999 126132.000000
rn1 242000000 242999999 8163.000000
rn1 243000000 243999999 127948.000000
rn1 244000000 244999999 175400.000000
rn1 245000000 245999999 26962.000000
rn1 246000000 246999999 2609.000000
rn1 247000000 247999999 1792581.000000
rn1 248000000 248999999 5642.000000
rn1 249000000 249999999 343536.000000
rn1 250000000 250999999 7495.000000
rn1 251000000 251999999 18022.000000
rn1 252000000 252999999 16440.000000
rn1 253000000 253999999 14880.000000
rn1 254000000 254999999 9554.000000
rn1 255000000 255999999 8808.000000
rn1 256000000 256999999 24493.000000
rn1 257000000 257999999 38337.000000
rn1 258000000 258999999 86888.000000
rn1 259000000 259999999 324502.000000
rn1 260000000 260999999 107662.000000
rn1 261000000 261999999 796.000000
rn1 262000000 262999999 5776.000000
rn1 263000000 263999999 62995.000000
rn1 264000000 264999999 1542.000000
rn1 265000000 265999999 25445.000000
rn1 266000000 266999999 3473.000000
rn1 267000000 267999999 6607.000000
