mm1 3000000 3999999 3387.000000
mm1 4000000 4999999 4369.000000
mm1 5000000 5999999 3850.000000
mm1 6000000 6999999 1812.000000
mm1 7000000 7999999 2562.000000
mm1 8000000 8999999 500.000000
mm1 9000000 9999999 7817.000000
mm1 10000000 10999999 9559.000000
mm1 11000000 11999999 1761.000000
mm1 12000000 12999999 2399.000000
mm1 13000000 13999999 5492.000000
mm1 14000000 14999999 692.000000
mm1 15000000 15999999 5788.000000
mm1 16000000 16999999 9169.000000
mm1 17000000 17999999 2101.000000
mm1 18000000 18999999 1626.000000
mm1 19000000 19999999 2063.000000
mm1 20000000 20999999 3039.000000
mm1 21000000 21999999 1139.000000
mm1 22000000 22999999 3405.000000
mm1 23000000 23999999 3988.000000
mm1 24000000 24999999 4069.000000
mm1 25000000 25999999 2867.000000
mm1 27000000 27999999 2623.000000
mm1 28000000 28999999 4252.000000
mm1 29000000 29999999 3583.000000
mm1 30000000 30999999 506.000000
mm1 31000000 31999999 9108.000000
mm1 32000000 32999999 2618.000000
mm1 33000000 33999999 970.000000
mm1 34000000 34999999 2267.000000
mm1 35000000 35999999 1147.000000
mm1 36000000 36999999 2754.000000
mm1 37000000 37999999 5148.000000
mm1 38000000 38999999 4817.000000
mm1 39000000 39999999 10522.000000
mm1 40000000 40999999 1693.000000
mm1 41000000 41999999 318.000000
mm1 42000000 42999999 3198.000000
mm1 43000000 43999999 4588.000000
mm1 44000000 44999999 10331.000000
mm1 45000000 45999999 60540.000000
mm1 46000000 46999999 6998.000000
mm1 47000000 47999999 2264.000000
mm1 48000000 48999999 2694.000000
mm1 49000000 49999999 5685.000000
mm1 50000000 50999999 296.000000
mm1 51000000 51999999 14722.000000
mm1 52000000 52999999 21852.000000
mm1 53000000 53999999 8013.000000
mm1 54000000 54999999 18960.000000
mm1 55000000 55999999 22345.000000
mm1 56000000 56999999 452.000000
mm1 57000000 57999999 4113.000000
mm1 58000000 58999999 7021.000000
mm1 59000000 59999999 4349.000000
mm1 60000000 60999999 23889.000000
mm1 61000000 61999999 2750.000000
mm1 62000000 62999999 2190.000000
mm1 63000000 63999999 6707.000000
mm1 64000000 64999999 8903.000000
mm1 65000000 65999999 1461.000000
mm1 66000000 66999999 10029.000000
mm1 67000000 67999999 241.000000
mm1 68000000 68999999 16690.000000
mm1 69000000 69999999 3434.000000
mm1 70000000 70999999 1518.000000
mm1 71000000 71999999 2229.000000
mm1 72000000 72999999 8874.000000
mm1 73000000 73999999 8557.000000
mm1 74000000 74999999 51589.000000
mm1 75000000 75999999 16530.000000
mm1 77000000 77999999 3550.000000
mm1 78000000 78999999 1112.000000
mm1 79000000 79999999 2849.000000
mm1 80000000 80999999 1565.000000
mm1 81000000 81999999 5118.000000
mm1 82000000 82999999 891.000000
mm1 83000000 83999999 2094.000000
mm1 84000000 84999999 1073.000000
mm1 85000000 85999999 707.000000
mm1 88000000 88999999 9787.000000
mm1 89000000 89999999 3236.000000
mm1 90000000 90999999 1560.000000
mm1 91000000 91999999 8253.000000
mm1 92000000 92999999 1084.000000
mm1 93000000 93999999 17459.000000
mm1 94000000 94999999 12069.000000
mm1 95000000 95999999 10438.000000
mm1 96000000 96999999 2631.000000
mm1 97000000 97999999 580.000000
mm1 98000000 98999999 1648.000000
mm1 99000000 99999999 463.000000
mm1 100000000 100999999 4271.000000
mm1 101000000 101999999 1386.000000
mm1 102000000 102999999 1252.000000
mm1 104000000 104999999 1164.000000
mm1 105000000 105999999 187.000000
mm1 106000000 106999999 4664.000000
mm1 107000000 107999999 8892.000000
mm1 108000000 108999999 1479.000000
mm1 109000000 109999999 1839.000000
mm1 110000000 110999999 1652.000000
mm1 111000000 111999999 1918.000000
mm1 112000000 112999999 978.000000
mm1 113000000 113999999 1613.000000
mm1 114000000 114999999 1488.000000
mm1 116000000 116999999 566.000000
mm1 117000000 117999999 1896.000000
mm1 118000000 118999999 2433.000000
mm1 119000000 119999999 12310.000000
mm1 120000000 120999999 28993.000000
mm1 121000000 121999999 9041.000000
mm1 122000000 122999999 2880.000000
mm1 123000000 123999999 2946.000000
mm1 124000000 124999999 2220.000000
mm1 125000000 125999999 1763.000000
mm1 126000000 126999999 299.000000
mm1 127000000 127999999 305.000000
mm1 128000000 128999999 987.000000
mm1 129000000 129999999 8052.000000
mm1 130000000 130999999 7548.000000
mm1 131000000 131999999 2875.000000
mm1 132000000 132999999 2835.000000
mm1 133000000 133999999 15847.000000
mm1 134000000 134999999 15325.000000
mm1 135000000 135999999 30697.000000
mm1 136000000 136999999 44299.000000
mm1 137000000 137999999 29806.000000
mm1 138000000 138999999 33988.000000
mm1 139000000 139999999 803.000000
mm1 140000000 140999999 2189.000000
mm1 141000000 141999999 2232.000000
mm1 142000000 142999999 3649.000000
mm1 143000000 143999999 655.000000
mm1 145000000 145999999 23328.000000
mm1 146000000 146999999 921.000000
mm1 147000000 147999999 6797.000000
mm1 148000000 148999999 1912.000000
mm1 149000000 149999999 856.000000
mm1 150000000 150999999 1296.000000
mm1 151000000 151999999 1345.000000
mm1 152000000 152999999 2218.000000
mm1 153000000 153999999 5199.000000
mm1 154000000 154999999 2941.000000
mm1 155000000 155999999 9843.000000
mm1 156000000 156999999 5411.000000
mm1 157000000 157999999 6601.000000
mm1 158000000 158999999 5877.000000
mm1 159000000 159999999 6036.000000
mm1 160000000 160999999 418.000000
mm1 161000000 161999999 3332.000000
mm1 162000000 162999999 4569.000000
mm1 163000000 163999999 6771.000000
mm1 164000000 164999999 5239.000000
mm1 165000000 165999999 1315.000000
mm1 166000000 166999999 10983.000000
mm1 167000000 167999999 10613.000000
mm1 168000000 168999999 2193.000000
mm1 169000000 169999999 2471.000000
mm1 171000000 171999999 712.000000
mm1 172000000 172999999 2489.000000
mm1 173000000 173999999 4764.000000
mm1 174000000 174999999 10757.000000
mm1 175000000 175999999 9800.000000
mm1 176000000 176999999 13514.000000
mm1 177000000 177999999 435.000000
mm1 178000000 178999999 5495.000000
mm1 179000000 179999999 2746.000000
mm1 180000000 180999999 1746.000000
mm1 181000000 181999999 5637.000000
mm1 182000000 182999999 15019.000000
mm1 183000000 183999999 5674.000000
mm1 184000000 184999999 3271.000000
mm1 185000000 185999999 1011.000000
mm1 186000000 186999999 4815.000000
mm1 187000000 187999999 2315.000000
mm1 188000000 188999999 3549.000000
mm1 189000000 189999999 1293.000000
mm1 190000000 190999999 113.000000
mm1 191000000 191999999 1243.000000
mm1 192000000 192999999 3849.000000
mm1 193000000 193999999 11889.000000
mm1 194000000 194999999 1880.000000
mm1 195000000 195999999 2050.000000
mm1 196000000 196999999 705.000000
mm1 197000000 197999999 3703.000000
