rn1 1000000 1999999 1410.000000
rn1 2000000 2999999 3378.000000
rn1 3000000 3999999 788.000000
rn1 4000000 4999999 2970.000000
rn1 5000000 5999999 1731.000000
rn1 6000000 6999999 1865.000000
rn1 7000000 7999999 8428.000000
rn1 8000000 8999999 893.000000
rn1 9000000 9999999 529.000000
rn1 10000000 10999999 1617.000000
rn1 11000000 11999999 5264.000000
rn1 12000000 12999999 2361.000000
rn1 13000000 13999999 4308.000000
rn1 14000000 14999999 2895.000000
rn1 15000000 15999999 734.000000
rn1 16000000 16999999 6807.000000
rn1 17000000 17999999 5619.000000
rn1 18000000 18999999 1953.000000
rn1 19000000 19999999 1979.000000
rn1 20000000 20999999 2256.000000
rn1 21000000 21999999 1709.000000
rn1 22000000 22999999 3159.000000
rn1 23000000 23999999 1687.000000
rn1 24000000 24999999 6389.000000
rn1 25000000 25999999 633.000000
rn1 26000000 26999999 4716.000000
rn1 27000000 27999999 1340.000000
rn1 28000000 28999999 2648.000000
rn1 29000000 29999999 8291.000000
rn1 30000000 30999999 4294.000000
rn1 31000000 31999999 1076.000000
rn1 32000000 32999999 1946.000000
rn1 33000000 33999999 1018.000000
rn1 34000000 34999999 1519.000000
rn1 35000000 35999999 1727.000000
rn1 36000000 36999999 2716.000000
rn1 37000000 37999999 4662.000000
rn1 38000000 38999999 1220.000000
rn1 39000000 39999999 142.000000
rn1 40000000 40999999 2994.000000
rn1 41000000 41999999 3008.000000
rn1 42000000 42999999 13764.000000
rn1 43000000 43999999 713.000000
rn1 44000000 44999999 1537.000000
rn1 45000000 45999999 5371.000000
rn1 46000000 46999999 3614.000000
rn1 47000000 47999999 3881.000000
rn1 48000000 48999999 4611.000000
rn1 49000000 49999999 3087.000000
rn1 53000000 53999999 1001.000000
rn1 54000000 54999999 6570.000000
rn1 55000000 55999999 4090.000000
rn1 56000000 56999999 5967.000000
rn1 57000000 57999999 2527.000000
rn1 58000000 58999999 6657.000000
rn1 59000000 59999999 15429.000000
rn1 60000000 60999999 8101.000000
rn1 61000000 61999999 923.000000
rn1 62000000 62999999 15332.000000
rn1 63000000 63999999 6234.000000
rn1 64000000 64999999 11483.000000
rn1 65000000 65999999 21136.000000
rn1 66000000 66999999 20242.000000
rn1 67000000 67999999 22191.000000
rn1 68000000 68999999 25059.000000
rn1 69000000 69999999 4851.000000
rn1 70000000 70999999 9393.000000
rn1 71000000 71999999 2286.000000
rn1 72000000 72999999 15357.000000
rn1 73000000 73999999 8005.000000
rn1 74000000 74999999 301.000000
rn1 76000000 76999999 7706.000000
rn1 77000000 77999999 4196.000000
rn1 78000000 78999999 7823.000000
rn1 79000000 79999999 20130.000000
rn1 80000000 80999999 6805.000000
rn1 81000000 81999999 2141.000000
rn1 82000000 82999999 11940.000000
rn1 83000000 83999999 10118.000000
rn1 84000000 84999999 16422.000000
rn1 85000000 85999999 18475.000000
rn1 86000000 86999999 10047.000000
rn1 87000000 87999999 9430.000000
rn1 88000000 88999999 5709.000000
rn1 89000000 89999999 1565.000000
rn1 90000000 90999999 4927.000000
rn1 91000000 91999999 154.000000
rn1 92000000 92999999 1358.000000
rn1 93000000 93999999 8473.000000
rn1 94000000 94999999 8789.000000
rn1 95000000 95999999 44814.000000
rn1 96000000 96999999 33349.000000
rn1 97000000 97999999 21529.000000
rn1 98000000 98999999 11624.000000
rn1 99000000 99999999 16258.000000
rn1 100000000 100999999 7204.000000
rn1 101000000 101999999 15152.000000
rn1 102000000 102999999 4404.000000
rn1 103000000 103999999 4346.000000
rn1 104000000 104999999 876.000000
rn1 106000000 106999999 4719.000000
rn1 107000000 107999999 774.000000
rn1 108000000 108999999 7489.000000
rn1 109000000 109999999 3942.000000
rn1 110000000 110999999 864.000000
rn1 111000000 111999999 5876.000000
rn1 112000000 112999999 1397.000000
rn1 113000000 113999999 8930.000000
rn1 114000000 114999999 900.000000
rn1 116000000 116999999 5721.000000
rn1 118000000 118999999 7200.000000
rn1 119000000 119999999 1265.000000
rn1 120000000 120999999 20252.000000
rn1 121000000 121999999 2964.000000
rn1 122000000 122999999 3939.000000
rn1 123000000 123999999 973.000000
rn1 124000000 124999999 2314.000000
rn1 125000000 125999999 1892.000000
rn1 126000000 126999999 466.000000
rn1 128000000 128999999 3226.000000
rn1 129000000 129999999 2722.000000
rn1 130000000 130999999 6614.000000
rn1 131000000 131999999 7435.000000
rn1 133000000 133999999 405.000000
rn1 134000000 134999999 2604.000000
rn1 135000000 135999999 3420.000000
rn1 136000000 136999999 4823.000000
rn1 137000000 137999999 946.000000
rn1 138000000 138999999 1057.000000
rn1 139000000 139999999 1346.000000
rn1 140000000 140999999 5955.000000
rn1 141000000 141999999 3501.000000
rn1 142000000 142999999 24374.000000
rn1 143000000 143999999 1689.000000
rn1 144000000 144999999 1313.000000
rn1 145000000 145999999 5486.000000
rn1 146000000 146999999 3472.000000
rn1 147000000 147999999 4326.000000
rn1 148000000 148999999 434.000000
rn1 149000000 149999999 3910.000000
rn1 150000000 150999999 4329.000000
rn1 151000000 151999999 1724.000000
rn1 152000000 152999999 1065.000000
rn1 153000000 153999999 757.000000
rn1 154000000 154999999 3097.000000
rn1 155000000 155999999 23874.000000
rn1 156000000 156999999 8395.000000
rn1 157000000 157999999 7652.000000
rn1 158000000 158999999 4383.000000
rn1 159000000 159999999 4772.000000
rn1 160000000 160999999 21505.000000
rn1 161000000 161999999 27676.000000
rn1 162000000 162999999 26331.000000
rn1 163000000 163999999 18605.000000
rn1 164000000 164999999 32231.000000
rn1 165000000 165999999 41024.000000
rn1 166000000 166999999 23020.000000
rn1 167000000 167999999 23504.000000
rn1 168000000 168999999 4596.000000
rn1 169000000 169999999 4330.000000
rn1 170000000 170999999 3137.000000
rn1 171000000 171999999 34675.000000
rn1 172000000 172999999 9845.000000
rn1 173000000 173999999 2740.000000
rn1 174000000 174999999 3086.000000
rn1 175000000 175999999 730.000000
rn1 176000000 176999999 7395.000000
rn1 177000000 177999999 54704.000000
rn1 178000000 178999999 2475.000000
rn1 179000000 179999999 4811.000000
rn1 180000000 180999999 2229.000000
rn1 181000000 181999999 3098.000000
rn1 182000000 182999999 2746.000000
rn1 183000000 183999999 3275.000000
rn1 184000000 184999999 1615.000000
rn1 185000000 185999999 9213.000000
rn1 186000000 186999999 24322.000000
rn1 187000000 187999999 20891.000000
rn1 188000000 188999999 2040.000000
rn1 189000000 189999999 6591.000000
rn1 190000000 190999999 20762.000000
rn1 191000000 191999999 3547.000000
rn1 192000000 192999999 2296.000000
rn1 193000000 193999999 829.000000
rn1 194000000 194999999 816.000000
rn1 195000000 195999999 3148.000000
rn1 196000000 196999999 589.000000
rn1 197000000 197999999 1760.000000
rn1 198000000 198999999 1915.000000
rn1 199000000 199999999 3821.000000
rn1 200000000 200999999 33424.000000
rn1 201000000 201999999 32016.000000
rn1 202000000 202999999 4023.000000
rn1 203000000 203999999 17118.000000
rn1 204000000 204999999 13438.000000
rn1 205000000 205999999 15318.000000
rn1 206000000 206999999 72522.000000
rn1 207000000 207999999 11677.000000
rn1 208000000 208999999 7503.000000
rn1 209000000 209999999 17027.000000
rn1 210000000 210999999 10577.000000
rn1 211000000 211999999 3227.000000
rn1 212000000 212999999 13603.000000
rn1 213000000 213999999 20911.000000
rn1 214000000 214999999 13110.000000
rn1 215000000 215999999 41864.000000
rn1 216000000 216999999 46684.000000
rn1 217000000 217999999 8016.000000
rn1 218000000 218999999 1023.000000
rn1 219000000 219999999 6039.000000
rn1 220000000 220999999 2908.000000
rn1 221000000 221999999 588.000000
rn1 222000000 222999999 17801.000000
rn1 223000000 223999999 11911.000000
rn1 224000000 224999999 4058.000000
rn1 225000000 225999999 2222.000000
rn1 226000000 226999999 3116.000000
rn1 227000000 227999999 4005.000000
rn1 228000000 228999999 5931.000000
rn1 229000000 229999999 429.000000
rn1 230000000 230999999 1997.000000
rn1 231000000 231999999 652.000000
rn1 232000000 232999999 13165.000000
rn1 233000000 233999999 29707.000000
rn1 234000000 234999999 4768.000000
rn1 235000000 235999999 1940.000000
rn1 236000000 236999999 1074.000000
rn1 237000000 237999999 1553.000000
rn1 238000000 238999999 3022.000000
rn1 239000000 239999999 6373.000000
rn1 240000000 240999999 17015.000000
rn1 241000000 241999999 2401.000000
rn1 242000000 242999999 967.000000
rn1 243000000 243999999 281.000000
rn1 245000000 245999999 3312.000000
rn1 246000000 246999999 1764.000000
rn1 247000000 247999999 1213.000000
rn1 248000000 248999999 2346.000000
rn1 249000000 249999999 3762.000000
rn1 250000000 250999999 1684.000000
rn1 251000000 251999999 9728.000000
rn1 252000000 252999999 4531.000000
rn1 253000000 253999999 828.000000
rn1 254000000 254999999 498.000000
rn1 255000000 255999999 3222.000000
rn1 256000000 256999999 1740.000000
rn1 258000000 258999999 312.000000
rn1 259000000 259999999 2643.000000
rn1 261000000 261999999 3115.000000
rn1 262000000 262999999 1499.000000
rn1 263000000 263999999 1778.000000
rn1 264000000 264999999 622.000000
rn1 265000000 265999999 3287.000000
rn1 266000000 266999999 2614.000000
rn1 267000000 267999999 3854.000000
