mm1 4000000 4999999 15178.000000
mm1 5000000 5999999 1941.000000
mm1 6000000 6999999 38821.000000
mm1 7000000 7999999 4597.000000
mm1 8000000 8999999 1234.000000
mm1 9000000 9999999 7524.000000
mm1 10000000 10999999 3193.000000
mm1 11000000 11999999 1594.000000
mm1 12000000 12999999 3409.000000
mm1 13000000 13999999 5524.000000
mm1 14000000 14999999 1386.000000
mm1 15000000 15999999 11279.000000
mm1 16000000 16999999 5072.000000
mm1 17000000 17999999 1901.000000
mm1 18000000 18999999 1177.000000
mm1 19000000 19999999 4053.000000
mm1 20000000 20999999 3665.000000
mm1 21000000 21999999 529.000000
mm1 22000000 22999999 1525.000000
mm1 23000000 23999999 2161.000000
mm1 24000000 24999999 7717.000000
mm1 25000000 25999999 2100.000000
mm1 26000000 26999999 4560.000000
mm1 27000000 27999999 1228.000000
mm1 28000000 28999999 2619.000000
mm1 29000000 29999999 2776.000000
mm1 30000000 30999999 1064.000000
mm1 31000000 31999999 5033.000000
mm1 32000000 32999999 484.000000
mm1 33000000 33999999 2593.000000
mm1 34000000 34999999 8353.000000
mm1 35000000 35999999 424.000000
mm1 36000000 36999999 9853.000000
mm1 37000000 37999999 1175.000000
mm1 38000000 38999999 1841.000000
mm1 39000000 39999999 3942.000000
mm1 40000000 40999999 2451.000000
mm1 41000000 41999999 308.000000
mm1 42000000 42999999 1562.000000
mm1 43000000 43999999 1946.000000
mm1 44000000 44999999 8497.000000
mm1 45000000 45999999 2926.000000
mm1 46000000 46999999 7104.000000
mm1 47000000 47999999 2239.000000
mm1 48000000 48999999 2833.000000
mm1 49000000 49999999 5736.000000
mm1 50000000 50999999 1125.000000
mm1 51000000 51999999 2178.000000
mm1 52000000 52999999 3758.000000
mm1 53000000 53999999 932.000000
mm1 54000000 54999999 1590.000000
mm1 55000000 55999999 6215.000000
mm1 56000000 56999999 382.000000
mm1 57000000 57999999 2507.000000
mm1 58000000 58999999 2891.000000
mm1 59000000 59999999 1208.000000
mm1 60000000 60999999 5628.000000
mm1 61000000 61999999 1395.000000
mm1 62000000 62999999 1706.000000
mm1 63000000 63999999 3301.000000
mm1 64000000 64999999 13277.000000
mm1 65000000 65999999 1501.000000
mm1 66000000 66999999 1228.000000
mm1 67000000 67999999 229.000000
mm1 68000000 68999999 1532.000000
mm1 69000000 69999999 789.000000
mm1 70000000 70999999 2788.000000
mm1 71000000 71999999 13700.000000
mm1 72000000 72999999 5432.000000
mm1 73000000 73999999 780.000000
mm1 74000000 74999999 2595.000000
mm1 75000000 75999999 5872.000000
mm1 76000000 76999999 318.000000
mm1 77000000 77999999 2961.000000
mm1 78000000 78999999 2270.000000
mm1 79000000 79999999 3149.000000
mm1 80000000 80999999 4008.000000
mm1 81000000 81999999 1141.000000
mm1 82000000 82999999 97.000000
mm1 83000000 83999999 3550.000000
mm1 84000000 84999999 387.000000
mm1 85000000 85999999 715.000000
mm1 87000000 87999999 200.000000
mm1 88000000 88999999 13249.000000
mm1 89000000 89999999 4967.000000
mm1 90000000 90999999 1654.000000
mm1 91000000 91999999 5251.000000
mm1 92000000 92999999 759.000000
mm1 93000000 93999999 3987.000000
mm1 94000000 94999999 11339.000000
mm1 95000000 95999999 6424.000000
mm1 96000000 96999999 2922.000000
mm1 97000000 97999999 578.000000
mm1 98000000 98999999 1853.000000
mm1 99000000 99999999 1239.000000
mm1 100000000 100999999 2987.000000
mm1 101000000 101999999 3392.000000
mm1 102000000 102999999 11570.000000
mm1 103000000 103999999 582.000000
mm1 104000000 104999999 2331.000000
mm1 105000000 105999999 1309.000000
mm1 106000000 106999999 6915.000000
mm1 107000000 107999999 9644.000000
mm1 108000000 108999999 1995.000000
mm1 109000000 109999999 2509.000000
mm1 110000000 110999999 1899.000000
mm1 111000000 111999999 1840.000000
mm1 112000000 112999999 911.000000
mm1 113000000 113999999 3318.000000
mm1 114000000 114999999 3643.000000
mm1 115000000 115999999 800.000000
mm1 117000000 117999999 2515.000000
mm1 118000000 118999999 6110.000000
mm1 119000000 119999999 17463.000000
mm1 120000000 120999999 7315.000000
mm1 121000000 121999999 9673.000000
mm1 122000000 122999999 156.000000
mm1 123000000 123999999 3040.000000
mm1 125000000 125999999 3658.000000
mm1 126000000 126999999 505.000000
mm1 127000000 127999999 6029.000000
mm1 128000000 128999999 792.000000
mm1 129000000 129999999 873.000000
mm1 130000000 130999999 4677.000000
mm1 131000000 131999999 528.000000
mm1 132000000 132999999 5825.000000
mm1 133000000 133999999 7586.000000
mm1 134000000 134999999 2101.000000
mm1 135000000 135999999 7663.000000
mm1 136000000 136999999 15870.000000
mm1 137000000 137999999 6705.000000
mm1 138000000 138999999 22145.000000
mm1 139000000 139999999 1387.000000
mm1 140000000 140999999 8914.000000
mm1 141000000 141999999 3146.000000
mm1 142000000 142999999 9410.000000
mm1 143000000 143999999 759.000000
mm1 144000000 144999999 3703.000000
mm1 145000000 145999999 4328.000000
mm1 146000000 146999999 889.000000
mm1 147000000 147999999 5227.000000
mm1 148000000 148999999 3544.000000
mm1 149000000 149999999 2826.000000
mm1 150000000 150999999 2069.000000
mm1 151000000 151999999 7732.000000
mm1 152000000 152999999 12769.000000
mm1 153000000 153999999 15805.000000
mm1 154000000 154999999 15454.000000
mm1 155000000 155999999 15639.000000
mm1 156000000 156999999 19164.000000
mm1 157000000 157999999 18440.000000
mm1 158000000 158999999 19989.000000
mm1 159000000 159999999 29543.000000
mm1 160000000 160999999 8009.000000
mm1 161000000 161999999 21939.000000
mm1 162000000 162999999 19771.000000
mm1 163000000 163999999 2844.000000
mm1 164000000 164999999 20148.000000
mm1 165000000 165999999 3763.000000
mm1 166000000 166999999 2589.000000
mm1 167000000 167999999 8359.000000
mm1 168000000 168999999 4117.000000
mm1 169000000 169999999 16491.000000
mm1 170000000 170999999 5129.000000
mm1 171000000 171999999 5290.000000
mm1 172000000 172999999 15510.000000
mm1 173000000 173999999 4069.000000
mm1 174000000 174999999 4138.000000
mm1 175000000 175999999 9988.000000
mm1 176000000 176999999 85162.000000
mm1 178000000 178999999 1420.000000
mm1 179000000 179999999 3727.000000
mm1 180000000 180999999 2497.000000
mm1 181000000 181999999 3478.000000
mm1 182000000 182999999 15119.000000
mm1 183000000 183999999 1645.000000
mm1 184000000 184999999 3363.000000
mm1 185000000 185999999 348.000000
mm1 186000000 186999999 1270.000000
mm1 187000000 187999999 1983.000000
mm1 188000000 188999999 2491.000000
mm1 189000000 189999999 919.000000
mm1 190000000 190999999 132.000000
mm1 191000000 191999999 876.000000
mm1 192000000 192999999 3213.000000
mm1 193000000 193999999 1826.000000
mm1 194000000 194999999 985.000000
mm1 195000000 195999999 1210.000000
mm1 196000000 196999999 589.000000
mm1 197000000 197999999 1334.000000
