rn1 1000000 1999999 1392.000000
rn1 2000000 2999999 13278.000000
rn1 4000000 4999999 3022.000000
rn1 5000000 5999999 2462.000000
rn1 6000000 6999999 3561.000000
rn1 7000000 7999999 5562.000000
rn1 8000000 8999999 1153.000000
rn1 9000000 9999999 128.000000
rn1 10000000 10999999 1580.000000
rn1 11000000 11999999 2637.000000
rn1 12000000 12999999 3107.000000
rn1 13000000 13999999 1694.000000
rn1 14000000 14999999 1506.000000
rn1 15000000 15999999 1156.000000
rn1 16000000 16999999 3992.000000
rn1 17000000 17999999 3038.000000
rn1 18000000 18999999 1879.000000
rn1 19000000 19999999 2499.000000
rn1 20000000 20999999 793.000000
rn1 21000000 21999999 340.000000
rn1 22000000 22999999 2931.000000
rn1 23000000 23999999 1383.000000
rn1 24000000 24999999 4658.000000
rn1 26000000 26999999 4837.000000
rn1 27000000 27999999 843.000000
rn1 28000000 28999999 3154.000000
rn1 29000000 29999999 8555.000000
rn1 30000000 30999999 6742.000000
rn1 33000000 33999999 844.000000
rn1 34000000 34999999 6123.000000
rn1 35000000 35999999 2743.000000
rn1 36000000 36999999 6602.000000
rn1 37000000 37999999 1469.000000
rn1 38000000 38999999 468.000000
rn1 39000000 39999999 1034.000000
rn1 40000000 40999999 1976.000000
rn1 41000000 41999999 375.000000
rn1 42000000 42999999 2023.000000
rn1 44000000 44999999 2208.000000
rn1 45000000 45999999 5771.000000
rn1 46000000 46999999 2439.000000
rn1 47000000 47999999 8104.000000
rn1 48000000 48999999 1529.000000
rn1 49000000 49999999 442.000000
rn1 50000000 50999999 499.000000
rn1 51000000 51999999 625.000000
rn1 52000000 52999999 1389.000000
rn1 53000000 53999999 591.000000
rn1 54000000 54999999 2530.000000
rn1 55000000 55999999 1788.000000
rn1 56000000 56999999 1260.000000
rn1 57000000 57999999 2278.000000
rn1 58000000 58999999 6131.000000
rn1 59000000 59999999 12929.000000
rn1 60000000 60999999 4207.000000
rn1 61000000 61999999 633.000000
rn1 62000000 62999999 9847.000000
rn1 63000000 63999999 5316.000000
rn1 64000000 64999999 7132.000000
rn1 65000000 65999999 9599.000000
rn1 66000000 66999999 1767.000000
rn1 67000000 67999999 3683.000000
rn1 70000000 70999999 8646.000000
rn1 71000000 71999999 1996.000000
rn1 72000000 72999999 2591.000000
rn1 73000000 73999999 950.000000
rn1 76000000 76999999 4193.000000
rn1 77000000 77999999 2801.000000
rn1 78000000 78999999 5448.000000
rn1 79000000 79999999 10920.000000
rn1 80000000 80999999 24494.000000
rn1 81000000 81999999 1612.000000
rn1 82000000 82999999 5101.000000
rn1 83000000 83999999 4373.000000
rn1 84000000 84999999 7753.000000
rn1 85000000 85999999 14148.000000
rn1 86000000 86999999 9248.000000
rn1 87000000 87999999 2707.000000
rn1 88000000 88999999 694.000000
rn1 89000000 89999999 732.000000
rn1 90000000 90999999 4329.000000
rn1 91000000 91999999 2277.000000
rn1 92000000 92999999 681.000000
rn1 93000000 93999999 5865.000000
rn1 94000000 94999999 1355.000000
rn1 95000000 95999999 17744.000000
rn1 96000000 96999999 2776.000000
rn1 97000000 97999999 7048.000000
rn1 98000000 98999999 4098.000000
rn1 100000000 100999999 2258.000000
rn1 101000000 101999999 3203.000000
rn1 103000000 103999999 2584.000000
rn1 104000000 104999999 2791.000000
rn1 106000000 106999999 6411.000000
rn1 107000000 107999999 1807.000000
rn1 108000000 108999999 2629.000000
rn1 109000000 109999999 1458.000000
rn1 110000000 110999999 1213.000000
rn1 111000000 111999999 5535.000000
rn1 112000000 112999999 1400.000000
rn1 113000000 113999999 1547.000000
rn1 114000000 114999999 894.000000
rn1 116000000 116999999 3638.000000
rn1 117000000 117999999 973.000000
rn1 118000000 118999999 4284.000000
rn1 119000000 119999999 1474.000000
rn1 121000000 121999999 1343.000000
rn1 122000000 122999999 3978.000000
rn1 123000000 123999999 1189.000000
rn1 124000000 124999999 1301.000000
rn1 125000000 125999999 1803.000000
rn1 126000000 126999999 706.000000
rn1 127000000 127999999 7015.000000
rn1 128000000 128999999 4480.000000
rn1 129000000 129999999 6949.000000
rn1 130000000 130999999 159.000000
rn1 131000000 131999999 4816.000000
rn1 132000000 132999999 230.000000
rn1 133000000 133999999 440.000000
rn1 134000000 134999999 2270.000000
rn1 135000000 135999999 1527.000000
rn1 136000000 136999999 1394.000000
rn1 137000000 137999999 582.000000
rn1 138000000 138999999 3802.000000
rn1 139000000 139999999 861.000000
rn1 140000000 140999999 644.000000
rn1 141000000 141999999 2870.000000
rn1 142000000 142999999 18971.000000
rn1 143000000 143999999 1063.000000
rn1 144000000 144999999 1816.000000
rn1 145000000 145999999 452.000000
rn1 146000000 146999999 3044.000000
rn1 147000000 147999999 996.000000
rn1 148000000 148999999 423.000000
rn1 149000000 149999999 3084.000000
rn1 150000000 150999999 3445.000000
rn1 151000000 151999999 1177.000000
rn1 152000000 152999999 535.000000
rn1 153000000 153999999 1010.000000
rn1 154000000 154999999 1611.000000
rn1 155000000 155999999 15570.000000
rn1 156000000 156999999 670.000000
rn1 157000000 157999999 5575.000000
rn1 158000000 158999999 3865.000000
rn1 159000000 159999999 4820.000000
rn1 160000000 160999999 12059.000000
rn1 161000000 161999999 14702.000000
rn1 162000000 162999999 7928.000000
rn1 163000000 163999999 10161.000000
rn1 164000000 164999999 23253.000000
rn1 165000000 165999999 27294.000000
rn1 166000000 166999999 17689.000000
rn1 167000000 167999999 20900.000000
rn1 168000000 168999999 2893.000000
rn1 169000000 169999999 1457.000000
rn1 170000000 170999999 2315.000000
rn1 171000000 171999999 26930.000000
rn1 172000000 172999999 1808.000000
rn1 173000000 173999999 180.000000
rn1 176000000 176999999 1294.000000
rn1 177000000 177999999 1513.000000
rn1 179000000 179999999 50435.000000
rn1 180000000 180999999 2633.000000
rn1 181000000 181999999 2276.000000
rn1 182000000 182999999 2282.000000
rn1 183000000 183999999 2175.000000
rn1 184000000 184999999 882.000000
rn1 185000000 185999999 7905.000000
rn1 186000000 186999999 5783.000000
rn1 187000000 187999999 6357.000000
rn1 188000000 188999999 1141.000000
rn1 189000000 189999999 1711.000000
rn1 191000000 191999999 1515.000000
rn1 192000000 192999999 2069.000000
rn1 193000000 193999999 796.000000
rn1 194000000 194999999 1609.000000
rn1 195000000 195999999 534.000000
rn1 197000000 197999999 213.000000
rn1 198000000 198999999 8205.000000
rn1 199000000 199999999 2795.000000
rn1 200000000 200999999 21359.000000
rn1 201000000 201999999 2971.000000
rn1 202000000 202999999 633.000000
rn1 203000000 203999999 13130.000000
rn1 204000000 204999999 1799.000000
rn1 205000000 205999999 1206.000000
rn1 206000000 206999999 730.000000
rn1 207000000 207999999 10403.000000
rn1 208000000 208999999 8028.000000
rn1 209000000 209999999 14814.000000
rn1 210000000 210999999 1930.000000
rn1 211000000 211999999 2519.000000
rn1 212000000 212999999 6362.000000
rn1 213000000 213999999 2331.000000
rn1 214000000 214999999 14027.000000
rn1 215000000 215999999 14615.000000
rn1 216000000 216999999 36966.000000
rn1 217000000 217999999 3486.000000
rn1 218000000 218999999 1041.000000
rn1 219000000 219999999 914.000000
rn1 220000000 220999999 882.000000
rn1 221000000 221999999 409.000000
rn1 222000000 222999999 2380.000000
rn1 223000000 223999999 2452.000000
rn1 224000000 224999999 3726.000000
rn1 225000000 225999999 2356.000000
rn1 226000000 226999999 2275.000000
rn1 227000000 227999999 1927.000000
rn1 228000000 228999999 5291.000000
rn1 229000000 229999999 532.000000
rn1 230000000 230999999 378.000000
rn1 231000000 231999999 394.000000
rn1 232000000 232999999 4656.000000
rn1 233000000 233999999 5859.000000
rn1 234000000 234999999 2612.000000
rn1 235000000 235999999 615.000000
rn1 236000000 236999999 1390.000000
rn1 237000000 237999999 1526.000000
rn1 238000000 238999999 7009.000000
rn1 239000000 239999999 3344.000000
rn1 240000000 240999999 6450.000000
rn1 241000000 241999999 4445.000000
rn1 242000000 242999999 1696.000000
rn1 243000000 243999999 502.000000
rn1 245000000 245999999 1286.000000
rn1 246000000 246999999 466.000000
rn1 247000000 247999999 1560.000000
rn1 248000000 248999999 1400.000000
rn1 250000000 250999999 1523.000000
rn1 251000000 251999999 2181.000000
rn1 252000000 252999999 3112.000000
rn1 253000000 253999999 1573.000000
rn1 254000000 254999999 1428.000000
rn1 255000000 255999999 2243.000000
rn1 256000000 256999999 608.000000
rn1 257000000 257999999 350.000000
rn1 258000000 258999999 3604.000000
rn1 259000000 259999999 803.000000
rn1 260000000 260999999 402.000000
rn1 261000000 261999999 175.000000
rn1 262000000 262999999 1512.000000
rn1 263000000 263999999 4364.000000
rn1 265000000 265999999 897.000000
rn1 266000000 266999999 2614.000000
rn1 267000000 267999999 31951.000000
