mm1 3000000 3999999 126.000000
mm1 4000000 4999999 13866.000000
mm1 5000000 5999999 8020.000000
mm1 6000000 6999999 20647.000000
mm1 7000000 7999999 4136.000000
mm1 8000000 8999999 761.000000
mm1 9000000 9999999 28052.000000
mm1 10000000 10999999 22527.000000
mm1 11000000 11999999 1932.000000
mm1 12000000 12999999 3588.000000
mm1 13000000 13999999 9186.000000
mm1 14000000 14999999 9982.000000
mm1 15000000 15999999 5386.000000
mm1 16000000 16999999 7330.000000
mm1 17000000 17999999 2023.000000
mm1 18000000 18999999 3193675.000000
mm1 19000000 19999999 18035.000000
mm1 20000000 20999999 6405.000000
mm1 21000000 21999999 13189213.000000
mm1 22000000 22999999 2123.000000
mm1 23000000 23999999 7977.000000
mm1 24000000 24999999 16179.000000
mm1 25000000 25999999 3594.000000
mm1 26000000 26999999 3486.000000
mm1 27000000 27999999 1909.000000
mm1 28000000 28999999 8277.000000
mm1 29000000 29999999 47213.000000
mm1 30000000 30999999 63687.000000
mm1 31000000 31999999 58416.000000
mm1 32000000 32999999 113947.000000
mm1 33000000 33999999 274465.000000
mm1 34000000 34999999 5480.000000
mm1 35000000 35999999 334.000000
mm1 36000000 36999999 10994.000000
mm1 37000000 37999999 11112.000000
mm1 38000000 38999999 2465.000000
mm1 39000000 39999999 11566.000000
mm1 40000000 40999999 2245.000000
mm1 41000000 41999999 207.000000
mm1 42000000 42999999 4106.000000
mm1 43000000 43999999 4387.000000
mm1 44000000 44999999 4612.000000
mm1 45000000 45999999 4664.000000
mm1 46000000 46999999 6483.000000
mm1 47000000 47999999 7501.000000
mm1 48000000 48999999 5444.000000
mm1 49000000 49999999 6480.000000
mm1 50000000 50999999 891.000000
mm1 51000000 51999999 2420.000000
mm1 52000000 52999999 6384.000000
mm1 53000000 53999999 1913.000000
mm1 54000000 54999999 616.000000
mm1 55000000 55999999 16681.000000
mm1 56000000 56999999 751.000000
mm1 57000000 57999999 7191.000000
mm1 58000000 58999999 6193.000000
mm1 59000000 59999999 8508.000000
mm1 60000000 60999999 8484.000000
mm1 61000000 61999999 1640.000000
mm1 62000000 62999999 3240.000000
mm1 63000000 63999999 6225.000000
mm1 64000000 64999999 3614.000000
mm1 65000000 65999999 19845.000000
mm1 66000000 66999999 6517.000000
mm1 68000000 68999999 1572.000000
mm1 69000000 69999999 1354.000000
mm1 70000000 70999999 1238.000000
mm1 71000000 71999999 3381.000000
mm1 72000000 72999999 8799.000000
mm1 73000000 73999999 2203.000000
mm1 74000000 74999999 5008.000000
mm1 75000000 75999999 9069.000000
mm1 77000000 77999999 12076.000000
mm1 78000000 78999999 2673.000000
mm1 79000000 79999999 3204.000000
mm1 80000000 80999999 1389.000000
mm1 81000000 81999999 5288.000000
mm1 82000000 82999999 2850.000000
mm1 83000000 83999999 13336.000000
mm1 84000000 84999999 460.000000
mm1 87000000 87999999 1629.000000
mm1 88000000 88999999 6207.000000
mm1 89000000 89999999 3119.000000
mm1 90000000 90999999 4127.000000
mm1 91000000 91999999 10938.000000
mm1 93000000 93999999 648.000000
mm1 94000000 94999999 11044.000000
mm1 95000000 95999999 9804.000000
mm1 96000000 96999999 1228.000000
mm1 97000000 97999999 836.000000
mm1 98000000 98999999 3848.000000
mm1 99000000 99999999 1382.000000
mm1 100000000 100999999 3899.000000
mm1 101000000 101999999 2413.000000
mm1 102000000 102999999 1178.000000
mm1 103000000 103999999 1946.000000
mm1 104000000 104999999 1886.000000
mm1 106000000 106999999 4689.000000
mm1 107000000 107999999 9635.000000
mm1 108000000 108999999 14008.000000
mm1 109000000 109999999 28562.000000
mm1 110000000 110999999 1387.000000
mm1 111000000 111999999 2073.000000
mm1 112000000 112999999 3519.000000
mm1 113000000 113999999 5482.000000
mm1 114000000 114999999 13487.000000
mm1 115000000 115999999 579.000000
mm1 116000000 116999999 548.000000
mm1 117000000 117999999 1559.000000
mm1 118000000 118999999 2417.000000
mm1 119000000 119999999 11307.000000
mm1 120000000 120999999 5588.000000
mm1 121000000 121999999 6810.000000
mm1 122000000 122999999 8509.000000
mm1 123000000 123999999 16864.000000
mm1 125000000 125999999 3619.000000
mm1 126000000 126999999 504.000000
mm1 127000000 127999999 1645.000000
mm1 128000000 128999999 1119.000000
mm1 129000000 129999999 3049.000000
mm1 130000000 130999999 7540.000000
mm1 131000000 131999999 550.000000
mm1 132000000 132999999 2233.000000
mm1 133000000 133999999 9757.000000
mm1 134000000 134999999 886.000000
mm1 135000000 135999999 52834.000000
mm1 136000000 136999999 3106.000000
mm1 137000000 137999999 425.000000
mm1 138000000 138999999 2866.000000
mm1 139000000 139999999 95.000000
mm1 140000000 140999999 4257.000000
mm1 141000000 141999999 1678.000000
mm1 142000000 142999999 231.000000
mm1 143000000 143999999 656.000000
mm1 144000000 144999999 1115.000000
mm1 145000000 145999999 5835.000000
mm1 146000000 146999999 1492.000000
mm1 147000000 147999999 7651.000000
mm1 148000000 148999999 524.000000
mm1 149000000 149999999 1331.000000
mm1 150000000 150999999 1693.000000
mm1 151000000 151999999 3585.000000
mm1 152000000 152999999 3441.000000
mm1 153000000 153999999 11606.000000
mm1 154000000 154999999 4316.000000
mm1 155000000 155999999 3804.000000
mm1 156000000 156999999 3367.000000
mm1 157000000 157999999 5380.000000
mm1 158000000 158999999 3606.000000
mm1 159000000 159999999 21528.000000
mm1 160000000 160999999 410.000000
mm1 161000000 161999999 6017.000000
mm1 162000000 162999999 10977.000000
mm1 163000000 163999999 3385.000000
mm1 164000000 164999999 7217.000000
mm1 165000000 165999999 1261.000000
mm1 166000000 166999999 974.000000
mm1 167000000 167999999 20134.000000
mm1 168000000 168999999 1632.000000
mm1 169000000 169999999 17583.000000
mm1 170000000 170999999 8822.000000
mm1 171000000 171999999 12679.000000
mm1 172000000 172999999 2991.000000
mm1 173000000 173999999 4508.000000
mm1 174000000 174999999 5585.000000
mm1 175000000 175999999 10550.000000
mm1 176000000 176999999 12396.000000
mm1 177000000 177999999 470.000000
mm1 178000000 178999999 28324.000000
mm1 179000000 179999999 2858.000000
mm1 180000000 180999999 1923.000000
mm1 181000000 181999999 22282.000000
mm1 182000000 182999999 32272.000000
mm1 183000000 183999999 8790.000000
mm1 184000000 184999999 19453.000000
mm1 185000000 185999999 1762.000000
mm1 186000000 186999999 3127.000000
mm1 187000000 187999999 9540.000000
mm1 188000000 188999999 4667.000000
mm1 189000000 189999999 1060.000000
mm1 190000000 190999999 794.000000
mm1 191000000 191999999 1253.000000
mm1 192000000 192999999 1836.000000
mm1 193000000 193999999 8224.000000
mm1 194000000 194999999 436.000000
mm1 195000000 195999999 1219.000000
mm1 196000000 196999999 705.000000
mm1 197000000 197999999 126.000000
