rn1 1000000 1999999 2396.000000
rn1 2000000 2999999 7059.000000
rn1 3000000 3999999 2586.000000
rn1 4000000 4999999 1875.000000
rn1 5000000 5999999 1856.000000
rn1 6000000 6999999 3808.000000
rn1 7000000 7999999 4252.000000
rn1 8000000 8999999 1742.000000
rn1 9000000 9999999 263.000000
rn1 10000000 10999999 1149.000000
rn1 11000000 11999999 2657.000000
rn1 12000000 12999999 3310.000000
rn1 13000000 13999999 13766.000000
rn1 14000000 14999999 1230.000000
rn1 15000000 15999999 1861.000000
rn1 16000000 16999999 3429.000000
rn1 17000000 17999999 3792.000000
rn1 18000000 18999999 1211.000000
rn1 19000000 19999999 1318.000000
rn1 20000000 20999999 5199.000000
rn1 21000000 21999999 422.000000
rn1 22000000 22999999 2588.000000
rn1 23000000 23999999 2913.000000
rn1 24000000 24999999 5419.000000
rn1 25000000 25999999 884.000000
rn1 26000000 26999999 5722.000000
rn1 27000000 27999999 1655.000000
rn1 28000000 28999999 4299.000000
rn1 29000000 29999999 7419.000000
rn1 30000000 30999999 21101.000000
rn1 31000000 31999999 493.000000
rn1 32000000 32999999 674.000000
rn1 33000000 33999999 965.000000
rn1 34000000 34999999 1355.000000
rn1 35000000 35999999 1641.000000
rn1 36000000 36999999 1369.000000
rn1 37000000 37999999 2386.000000
rn1 38000000 38999999 184.000000
rn1 39000000 39999999 1241.000000
rn1 40000000 40999999 1638.000000
rn1 42000000 42999999 3282.000000
rn1 43000000 43999999 248.000000
rn1 44000000 44999999 1385.000000
rn1 45000000 45999999 3121.000000
rn1 46000000 46999999 1458.000000
rn1 47000000 47999999 639.000000
rn1 48000000 48999999 1333.000000
rn1 49000000 49999999 2058.000000
rn1 53000000 53999999 16182.000000
rn1 54000000 54999999 23019.000000
rn1 55000000 55999999 1597.000000
rn1 56000000 56999999 2587.000000
rn1 57000000 57999999 4559.000000
rn1 58000000 58999999 6961.000000
rn1 59000000 59999999 5755.000000
rn1 60000000 60999999 2796.000000
rn1 61000000 61999999 633.000000
rn1 62000000 62999999 3948.000000
rn1 63000000 63999999 8316.000000
rn1 64000000 64999999 7832.000000
rn1 65000000 65999999 17377.000000
rn1 66000000 66999999 3875.000000
rn1 67000000 67999999 10420.000000
rn1 69000000 69999999 925.000000
rn1 70000000 70999999 9468.000000
rn1 71000000 71999999 4030.000000
rn1 72000000 72999999 10842.000000
rn1 73000000 73999999 7732.000000
rn1 76000000 76999999 15323.000000
rn1 77000000 77999999 2517.000000
rn1 78000000 78999999 11136.000000
rn1 79000000 79999999 14364.000000
rn1 80000000 80999999 10746.000000
rn1 81000000 81999999 4155.000000
rn1 82000000 82999999 20430.000000
rn1 83000000 83999999 19213.000000
rn1 84000000 84999999 60560.000000
rn1 85000000 85999999 42535.000000
rn1 86000000 86999999 5611.000000
rn1 87000000 87999999 36874.000000
rn1 88000000 88999999 1034.000000
rn1 89000000 89999999 1805.000000
rn1 90000000 90999999 1216.000000
rn1 91000000 91999999 2724.000000
rn1 92000000 92999999 2273.000000
rn1 93000000 93999999 7744.000000
rn1 94000000 94999999 1778.000000
rn1 95000000 95999999 5534.000000
rn1 96000000 96999999 2993.000000
rn1 97000000 97999999 17550.000000
rn1 98000000 98999999 1341.000000
rn1 99000000 99999999 50.000000
rn1 100000000 100999999 3826.000000
rn1 101000000 101999999 3229.000000
rn1 102000000 102999999 3117.000000
rn1 106000000 106999999 9086.000000
rn1 107000000 107999999 3606560.000000
rn1 108000000 108999999 15183.000000
rn1 109000000 109999999 9253.000000
rn1 110000000 110999999 12797.000000
rn1 111000000 111999999 158824.000000
rn1 112000000 112999999 1408.000000
rn1 113000000 113999999 8049.000000
rn1 114000000 114999999 12209.000000
rn1 115000000 115999999 1084.000000
rn1 116000000 116999999 209298.000000
rn1 117000000 117999999 1391693.000000
rn1 118000000 118999999 1269147.000000
rn1 119000000 119999999 15840.000000
rn1 120000000 120999999 20972412.000000
rn1 121000000 121999999 2845.000000
rn1 122000000 122999999 457597.000000
rn1 123000000 123999999 16774.000000
rn1 124000000 124999999 2911.000000
rn1 125000000 125999999 4501.000000
rn1 127000000 127999999 4823.000000
rn1 128000000 128999999 10799.000000
rn1 129000000 129999999 70889.000000
rn1 130000000 130999999 5144869.000000
rn1 131000000 131999999 484070.000000
rn1 132000000 132999999 163337.000000
rn1 133000000 133999999 3827.000000
rn1 134000000 134999999 13874.000000
rn1 135000000 135999999 5492.000000
rn1 136000000 136999999 142773.000000
rn1 137000000 137999999 1904374.000000
rn1 138000000 138999999 11283.000000
rn1 139000000 139999999 18495.000000
rn1 140000000 140999999 7898.000000
rn1 141000000 141999999 6488.000000
rn1 142000000 142999999 17880.000000
rn1 143000000 143999999 235.000000
rn1 144000000 144999999 1911.000000
rn1 145000000 145999999 328.000000
rn1 146000000 146999999 2227.000000
rn1 147000000 147999999 7237.000000
rn1 148000000 148999999 424.000000
rn1 149000000 149999999 4903.000000
rn1 150000000 150999999 4316.000000
rn1 151000000 151999999 1335.000000
rn1 152000000 152999999 2434.000000
rn1 153000000 153999999 90.000000
rn1 155000000 155999999 23404.000000
rn1 156000000 156999999 444.000000
rn1 157000000 157999999 14044.000000
rn1 158000000 158999999 2476.000000
rn1 159000000 159999999 5688.000000
rn1 160000000 160999999 11445.000000
rn1 161000000 161999999 16769.000000
rn1 162000000 162999999 27850.000000
rn1 163000000 163999999 20386.000000
rn1 164000000 164999999 25356.000000
rn1 165000000 165999999 29858.000000
rn1 166000000 166999999 18697.000000
rn1 167000000 167999999 1420.000000
rn1 168000000 168999999 1699.000000
rn1 169000000 169999999 957.000000
rn1 170000000 170999999 171.000000
rn1 171000000 171999999 4802.000000
rn1 172000000 172999999 724.000000
rn1 174000000 174999999 4086.000000
rn1 175000000 175999999 1628.000000
rn1 176000000 176999999 7178.000000
rn1 177000000 177999999 1524.000000
rn1 178000000 178999999 1170.000000
rn1 179000000 179999999 23434.000000
rn1 180000000 180999999 1676.000000
rn1 181000000 181999999 2373.000000
rn1 182000000 182999999 13031.000000
rn1 183000000 183999999 3143.000000
rn1 184000000 184999999 78.000000
rn1 185000000 185999999 4381.000000
rn1 186000000 186999999 18988.000000
rn1 187000000 187999999 4271.000000
rn1 188000000 188999999 1333.000000
rn1 189000000 189999999 4118.000000
rn1 190000000 190999999 1508.000000
rn1 191000000 191999999 2798.000000
rn1 192000000 192999999 3130.000000
rn1 193000000 193999999 793.000000
rn1 194000000 194999999 407.000000
rn1 195000000 195999999 1356.000000
rn1 196000000 196999999 101.000000
rn1 198000000 198999999 4600.000000
rn1 199000000 199999999 2016.000000
rn1 200000000 200999999 24110.000000
rn1 201000000 201999999 2017.000000
rn1 202000000 202999999 280.000000
rn1 203000000 203999999 15603.000000
rn1 204000000 204999999 4391.000000
rn1 205000000 205999999 716.000000
rn1 206000000 206999999 2843.000000
rn1 207000000 207999999 2288.000000
rn1 208000000 208999999 24012.000000
rn1 209000000 209999999 13737.000000
rn1 210000000 210999999 2494.000000
rn1 211000000 211999999 7630.000000
rn1 212000000 212999999 4353.000000
rn1 213000000 213999999 3901.000000
rn1 214000000 214999999 19736.000000
rn1 215000000 215999999 15807.000000
rn1 216000000 216999999 40481.000000
rn1 217000000 217999999 16000.000000
rn1 218000000 218999999 2240.000000
rn1 219000000 219999999 1828.000000
rn1 220000000 220999999 14065.000000
rn1 221000000 221999999 4505.000000
rn1 222000000 222999999 24972.000000
rn1 223000000 223999999 15941.000000
rn1 224000000 224999999 7139.000000
rn1 225000000 225999999 7760.000000
rn1 226000000 226999999 13015.000000
rn1 227000000 227999999 15026.000000
rn1 228000000 228999999 4647.000000
rn1 229000000 229999999 974.000000
rn1 230000000 230999999 998.000000
rn1 231000000 231999999 413.000000
rn1 232000000 232999999 4494.000000
rn1 233000000 233999999 4519.000000
rn1 234000000 234999999 813.000000
rn1 235000000 235999999 610.000000
rn1 236000000 236999999 6751.000000
rn1 237000000 237999999 615.000000
rn1 238000000 238999999 3384.000000
rn1 239000000 239999999 1700.000000
rn1 240000000 240999999 4369.000000
rn1 241000000 241999999 4232.000000
rn1 242000000 242999999 1879.000000
rn1 243000000 243999999 1134.000000
rn1 244000000 244999999 1460.000000
rn1 245000000 245999999 3497.000000
rn1 247000000 247999999 1575.000000
rn1 248000000 248999999 3052.000000
rn1 249000000 249999999 250.000000
rn1 250000000 250999999 2401.000000
rn1 251000000 251999999 15503.000000
rn1 252000000 252999999 4406.000000
rn1 253000000 253999999 1389.000000
rn1 254000000 254999999 1424.000000
rn1 256000000 256999999 635.000000
rn1 257000000 257999999 1640.000000
rn1 258000000 258999999 5094.000000
rn1 259000000 259999999 2203.000000
rn1 260000000 260999999 127.000000
rn1 262000000 262999999 233.000000
rn1 263000000 263999999 1848.000000
rn1 264000000 264999999 2630.000000
rn1 265000000 265999999 1237.000000
rn1 266000000 266999999 2715.000000
rn1 267000000 267999999 3878.000000
