rn1 0 999999 3424.000000
rn1 1000000 1999999 4152.000000
rn1 2000000 2999999 1095.000000
rn1 3000000 3999999 1212.000000
rn1 4000000 4999999 3092.000000
rn1 5000000 5999999 1369.000000
rn1 6000000 6999999 2256.000000
rn1 7000000 7999999 1096.000000
rn1 10000000 10999999 732.000000
rn1 12000000 12999999 2184.000000
rn1 14000000 14999999 871.000000
rn1 15000000 15999999 193.000000
rn1 16000000 16999999 1180.000000
rn1 17000000 17999999 1272.000000
rn1 19000000 19999999 818.000000
rn1 20000000 20999999 988.000000
rn1 22000000 22999999 146.000000
rn1 24000000 24999999 2117.000000
rn1 26000000 26999999 240.000000
rn1 27000000 27999999 160.000000
rn1 28000000 28999999 1093.000000
rn1 29000000 29999999 4969.000000
rn1 30000000 30999999 1578.000000
rn1 34000000 34999999 1947.000000
rn1 35000000 35999999 1672.000000
rn1 37000000 37999999 716.000000
rn1 38000000 38999999 6914.000000
rn1 39000000 39999999 12919.000000
rn1 40000000 40999999 4987.000000
rn1 41000000 41999999 392.000000
rn1 42000000 42999999 1840.000000
rn1 43000000 43999999 387.000000
rn1 44000000 44999999 1804.000000
rn1 45000000 45999999 2501.000000
rn1 46000000 46999999 541.000000
rn1 47000000 47999999 12145.000000
rn1 48000000 48999999 276.000000
rn1 49000000 49999999 1033.000000
rn1 50000000 50999999 1794.000000
rn1 51000000 51999999 1518.000000
rn1 52000000 52999999 1242.000000
rn1 54000000 54999999 2480.000000
rn1 55000000 55999999 1212.000000
rn1 56000000 56999999 252.000000
rn1 57000000 57999999 4437.000000
rn1 58000000 58999999 8061.000000
rn1 59000000 59999999 15545.000000
rn1 60000000 60999999 5927.000000
rn1 61000000 61999999 6807.000000
rn1 62000000 62999999 4138.000000
rn1 63000000 63999999 6704.000000
rn1 64000000 64999999 7506.000000
rn1 65000000 65999999 10224.000000
rn1 66000000 66999999 1957.000000
rn1 67000000 67999999 5759.000000
rn1 69000000 69999999 559.000000
rn1 70000000 70999999 11515.000000
rn1 71000000 71999999 5504.000000
rn1 72000000 72999999 8230.000000
rn1 73000000 73999999 8135.000000
rn1 76000000 76999999 1736.000000
rn1 77000000 77999999 884.000000
rn1 78000000 78999999 2159.000000
rn1 79000000 79999999 8967.000000
rn1 80000000 80999999 2512.000000
rn1 81000000 81999999 1922.000000
rn1 82000000 82999999 5044.000000
rn1 83000000 83999999 6065.000000
rn1 84000000 84999999 6735.000000
rn1 85000000 85999999 8275.000000
rn1 86000000 86999999 2239.000000
rn1 87000000 87999999 1989.000000
rn1 90000000 90999999 3014.000000
rn1 92000000 92999999 3929.000000
rn1 93000000 93999999 6507.000000
rn1 95000000 95999999 4734.000000
rn1 96000000 96999999 4996.000000
rn1 97000000 97999999 1014.000000
rn1 98000000 98999999 441.000000
rn1 100000000 100999999 1724.000000
rn1 101000000 101999999 1366.000000
rn1 103000000 103999999 2577.000000
rn1 106000000 106999999 621.000000
rn1 107000000 107999999 4819.000000
rn1 108000000 108999999 1367.000000
rn1 110000000 110999999 28386.000000
rn1 114000000 114999999 576.000000
rn1 116000000 116999999 1867.000000
rn1 117000000 117999999 14384.000000
rn1 118000000 118999999 1395.000000
rn1 119000000 119999999 597.000000
rn1 122000000 122999999 1735.000000
rn1 123000000 123999999 716.000000
rn1 124000000 124999999 1260.000000
rn1 125000000 125999999 1602.000000
rn1 128000000 128999999 1585.000000
rn1 131000000 131999999 1988.000000
rn1 132000000 132999999 1223.000000
rn1 133000000 133999999 453.000000
rn1 134000000 134999999 245.000000
rn1 136000000 136999999 1256.000000
rn1 137000000 137999999 210.000000
rn1 138000000 138999999 348.000000
rn1 140000000 140999999 397.000000
rn1 141000000 141999999 4069.000000
rn1 142000000 142999999 18941.000000
rn1 143000000 143999999 1097.000000
rn1 144000000 144999999 1206.000000
rn1 145000000 145999999 1559.000000
rn1 146000000 146999999 388.000000
rn1 147000000 147999999 1014.000000
rn1 148000000 148999999 415.000000
rn1 149000000 149999999 1510.000000
rn1 150000000 150999999 2161.000000
rn1 152000000 152999999 543.000000
rn1 153000000 153999999 311.000000
rn1 155000000 155999999 2796.000000
rn1 156000000 156999999 430.000000
rn1 157000000 157999999 3007.000000
rn1 158000000 158999999 1700.000000
rn1 159000000 159999999 1579.000000
rn1 160000000 160999999 9195.000000
rn1 161000000 161999999 8949.000000
rn1 162000000 162999999 9857.000000
rn1 163000000 163999999 7907.000000
rn1 164000000 164999999 23155.000000
rn1 165000000 165999999 25991.000000
rn1 166000000 166999999 23846.000000
rn1 167000000 167999999 2501.000000
rn1 169000000 169999999 316.000000
rn1 170000000 170999999 656.000000
rn1 171000000 171999999 1174.000000
rn1 172000000 172999999 538.000000
rn1 175000000 175999999 264.000000
rn1 176000000 176999999 1291.000000
rn1 177000000 177999999 7077.000000
rn1 179000000 179999999 63534.000000
rn1 180000000 180999999 1304.000000
rn1 181000000 181999999 1671.000000
rn1 182000000 182999999 5277.000000
rn1 183000000 183999999 1688.000000
rn1 185000000 185999999 4569.000000
rn1 186000000 186999999 3999.000000
rn1 187000000 187999999 6193.000000
rn1 188000000 188999999 563.000000
rn1 189000000 189999999 3051.000000
rn1 192000000 192999999 527.000000
rn1 193000000 193999999 788.000000
rn1 195000000 195999999 621.000000
rn1 198000000 198999999 7983.000000
rn1 199000000 199999999 1467.000000
rn1 200000000 200999999 18753.000000
rn1 201000000 201999999 627.000000
rn1 202000000 202999999 6246.000000
rn1 203000000 203999999 2823.000000
rn1 204000000 204999999 587.000000
rn1 205000000 205999999 660.000000
rn1 206000000 206999999 693.000000
rn1 207000000 207999999 572.000000
rn1 208000000 208999999 2291.000000
rn1 209000000 209999999 1016.000000
rn1 210000000 210999999 826.000000
rn1 211000000 211999999 590.000000
rn1 212000000 212999999 1690.000000
rn1 213000000 213999999 2043.000000
rn1 214000000 214999999 8923.000000
rn1 215000000 215999999 14808.000000
rn1 216000000 216999999 32755.000000
rn1 217000000 217999999 2892.000000
rn1 218000000 218999999 1497.000000
rn1 219000000 219999999 922.000000
rn1 222000000 222999999 1745.000000
rn1 223000000 223999999 2059.000000
rn1 224000000 224999999 2321.000000
rn1 225000000 225999999 827.000000
rn1 226000000 226999999 1764.000000
rn1 227000000 227999999 1284.000000
rn1 228000000 228999999 1886.000000
rn1 229000000 229999999 272.000000
rn1 231000000 231999999 413.000000
rn1 232000000 232999999 1312.000000
rn1 233000000 233999999 1554.000000
rn1 234000000 234999999 567.000000
rn1 236000000 236999999 322.000000
rn1 238000000 238999999 818.000000
rn1 240000000 240999999 3022.000000
rn1 241000000 241999999 534.000000
rn1 243000000 243999999 754.000000
rn1 244000000 244999999 935.000000
rn1 245000000 245999999 2462.000000
rn1 246000000 246999999 288.000000
rn1 247000000 247999999 1092.000000
rn1 248000000 248999999 239.000000
rn1 250000000 250999999 16560.000000
rn1 251000000 251999999 2030.000000
rn1 252000000 252999999 1396.000000
rn1 253000000 253999999 1142.000000
rn1 255000000 255999999 349.000000
rn1 258000000 258999999 853.000000
rn1 259000000 259999999 215.000000
rn1 262000000 262999999 115.000000
rn1 263000000 263999999 709.000000
rn1 264000000 264999999 1115.000000
rn1 265000000 265999999 295.000000
rn1 266000000 266999999 719.000000
rn1 267000000 267999999 1350.000000
