mm1 4000000 4999999 3040.000000
mm1 5000000 5999999 1673.000000
mm1 6000000 6999999 1584.000000
mm1 7000000 7999999 3441.000000
mm1 8000000 8999999 1782.000000
mm1 9000000 9999999 5076.000000
mm1 10000000 10999999 4223.000000
mm1 11000000 11999999 1526.000000
mm1 12000000 12999999 481.000000
mm1 13000000 13999999 2807.000000
mm1 14000000 14999999 3082.000000
mm1 15000000 15999999 2498.000000
mm1 16000000 16999999 5341.000000
mm1 17000000 17999999 1485.000000
mm1 18000000 18999999 771.000000
mm1 19000000 19999999 1920.000000
mm1 20000000 20999999 4532.000000
mm1 21000000 21999999 1966.000000
mm1 22000000 22999999 546.000000
mm1 23000000 23999999 1266.000000
mm1 24000000 24999999 5627.000000
mm1 25000000 25999999 1634.000000
mm1 26000000 26999999 456.000000
mm1 27000000 27999999 439.000000
mm1 29000000 29999999 18627.000000
mm1 30000000 30999999 2127.000000
mm1 31000000 31999999 11212.000000
mm1 32000000 32999999 442.000000
mm1 33000000 33999999 815.000000
mm1 34000000 34999999 4180.000000
mm1 35000000 35999999 2036.000000
mm1 36000000 36999999 3206.000000
mm1 37000000 37999999 853.000000
mm1 38000000 38999999 3191.000000
mm1 39000000 39999999 6474.000000
mm1 40000000 40999999 24269.000000
mm1 42000000 42999999 2224.000000
mm1 43000000 43999999 3279.000000
mm1 44000000 44999999 5158.000000
mm1 45000000 45999999 42423.000000
mm1 46000000 46999999 6072.000000
mm1 47000000 47999999 3512.000000
mm1 49000000 49999999 1126.000000
mm1 50000000 50999999 3529.000000
mm1 51000000 51999999 3202.000000
mm1 52000000 52999999 17353.000000
mm1 53000000 53999999 6370.000000
mm1 54000000 54999999 423.000000
mm1 55000000 55999999 4090.000000
mm1 56000000 56999999 620.000000
mm1 57000000 57999999 1306.000000
mm1 58000000 58999999 1700.000000
mm1 59000000 59999999 7627.000000
mm1 60000000 60999999 4867.000000
mm1 61000000 61999999 2008.000000
mm1 62000000 62999999 2148.000000
mm1 63000000 63999999 11557.000000
mm1 64000000 64999999 4041.000000
mm1 65000000 65999999 1963.000000
mm1 66000000 66999999 4605.000000
mm1 67000000 67999999 231.000000
mm1 68000000 68999999 10642.000000
mm1 69000000 69999999 2253.000000
mm1 70000000 70999999 606.000000
mm1 71000000 71999999 2953.000000
mm1 72000000 72999999 8934.000000
mm1 73000000 73999999 5425.000000
mm1 74000000 74999999 21630.000000
mm1 75000000 75999999 15586.000000
mm1 76000000 76999999 714.000000
mm1 77000000 77999999 2955.000000
mm1 78000000 78999999 315.000000
mm1 79000000 79999999 3016.000000
mm1 80000000 80999999 946.000000
mm1 81000000 81999999 1417.000000
mm1 83000000 83999999 2157.000000
mm1 84000000 84999999 5952.000000
mm1 85000000 85999999 715.000000
mm1 88000000 88999999 5145.000000
mm1 89000000 89999999 15967.000000
mm1 90000000 90999999 5086.000000
mm1 91000000 91999999 2298.000000
mm1 92000000 92999999 307.000000
mm1 93000000 93999999 41044.000000
mm1 94000000 94999999 29272.000000
mm1 95000000 95999999 9898.000000
mm1 96000000 96999999 2403.000000
mm1 97000000 97999999 1118.000000
mm1 98000000 98999999 560.000000
mm1 99000000 99999999 1387.000000
mm1 100000000 100999999 1047.000000
mm1 101000000 101999999 692.000000
mm1 102000000 102999999 149.000000
mm1 103000000 103999999 925.000000
mm1 106000000 106999999 4939.000000
mm1 107000000 107999999 1302.000000
mm1 108000000 108999999 1421.000000
mm1 110000000 110999999 1721.000000
mm1 112000000 112999999 613.000000
mm1 113000000 113999999 782.000000
mm1 114000000 114999999 2214.000000
mm1 115000000 115999999 579.000000
mm1 117000000 117999999 470.000000
mm1 118000000 118999999 3670.000000
mm1 119000000 119999999 14816.000000
mm1 120000000 120999999 10522.000000
mm1 121000000 121999999 7589.000000
mm1 122000000 122999999 2328.000000
mm1 123000000 123999999 1484.000000
mm1 125000000 125999999 1290.000000
mm1 126000000 126999999 842.000000
mm1 127000000 127999999 467.000000
mm1 128000000 128999999 1113.000000
mm1 129000000 129999999 5488.000000
mm1 130000000 130999999 3029.000000
mm1 131000000 131999999 581.000000
mm1 132000000 132999999 2101.000000
mm1 133000000 133999999 2708.000000
mm1 134000000 134999999 7159.000000
mm1 135000000 135999999 2451.000000
mm1 136000000 136999999 2525.000000
mm1 137000000 137999999 339.000000
mm1 138000000 138999999 5058.000000
mm1 139000000 139999999 139.000000
mm1 140000000 140999999 3873.000000
mm1 141000000 141999999 2405.000000
mm1 142000000 142999999 687.000000
mm1 143000000 143999999 57.000000
mm1 144000000 144999999 1908.000000
mm1 145000000 145999999 1339.000000
mm1 146000000 146999999 3317.000000
mm1 147000000 147999999 4086.000000
mm1 149000000 149999999 23172.000000
mm1 150000000 150999999 6649.000000
mm1 151000000 151999999 769.000000
mm1 152000000 152999999 859.000000
mm1 153000000 153999999 3458.000000
mm1 154000000 154999999 7584.000000
mm1 155000000 155999999 5293.000000
mm1 156000000 156999999 4155.000000
mm1 157000000 157999999 5332.000000
mm1 158000000 158999999 2899.000000
mm1 159000000 159999999 2548.000000
mm1 160000000 160999999 423.000000
mm1 161000000 161999999 4420.000000
mm1 162000000 162999999 1350.000000
mm1 163000000 163999999 478.000000
mm1 164000000 164999999 3046.000000
mm1 165000000 165999999 1339.000000
mm1 166000000 166999999 885.000000
mm1 167000000 167999999 6735.000000
mm1 168000000 168999999 2012.000000
mm1 169000000 169999999 2581.000000
mm1 171000000 171999999 4378.000000
mm1 172000000 172999999 27072.000000
mm1 173000000 173999999 14147.000000
mm1 174000000 174999999 9195.000000
mm1 175000000 175999999 10211.000000
mm1 176000000 176999999 15689.000000
mm1 177000000 177999999 864.000000
mm1 178000000 178999999 1592.000000
mm1 179000000 179999999 35638.000000
mm1 180000000 180999999 2261.000000
mm1 181000000 181999999 2589.000000
mm1 182000000 182999999 16625.000000
mm1 183000000 183999999 2368.000000
mm1 184000000 184999999 3629.000000
mm1 186000000 186999999 1484.000000
mm1 187000000 187999999 192.000000
mm1 188000000 188999999 3068.000000
mm1 189000000 189999999 782.000000
mm1 190000000 190999999 455.000000
mm1 191000000 191999999 782.000000
mm1 193000000 193999999 1839.000000
mm1 194000000 194999999 2843.000000
mm1 195000000 195999999 1496.000000
mm1 196000000 196999999 530.000000
