rn1 0 999999 210.000000
rn1 1000000 1999999 105.000000
rn1 2000000 2999999 390.000000
rn1 3000000 3999999 330.000000
rn1 4000000 4999999 2445.000000
rn1 6000000 6999999 2888.000000
rn1 7000000 7999999 2462.000000
rn1 9000000 9999999 812.000000
rn1 10000000 10999999 445.000000
rn1 15000000 15999999 9780.000000
rn1 16000000 16999999 2227.000000
rn1 17000000 17999999 1898.000000
rn1 19000000 19999999 1924.000000
rn1 20000000 20999999 1456.000000
rn1 21000000 21999999 242.000000
rn1 23000000 23999999 918.000000
rn1 24000000 24999999 4988.000000
rn1 25000000 25999999 776.000000
rn1 26000000 26999999 4176.000000
rn1 27000000 27999999 10992.000000
rn1 28000000 28999999 2710.000000
rn1 29000000 29999999 19482.000000
rn1 30000000 30999999 994.000000
rn1 34000000 34999999 1249.000000
rn1 35000000 35999999 182.000000
rn1 37000000 37999999 11612.000000
rn1 38000000 38999999 467.000000
rn1 40000000 40999999 1134.000000
rn1 41000000 41999999 962.000000
rn1 42000000 42999999 1766.000000
rn1 44000000 44999999 1300.000000
rn1 45000000 45999999 5605.000000
rn1 46000000 46999999 532.000000
rn1 47000000 47999999 481.000000
rn1 48000000 48999999 1587.000000
rn1 49000000 49999999 2039.000000
rn1 53000000 53999999 8862.000000
rn1 54000000 54999999 2566.000000
rn1 55000000 55999999 1434.000000
rn1 56000000 56999999 973.000000
rn1 57000000 57999999 4906.000000
rn1 58000000 58999999 6815.000000
rn1 59000000 59999999 12305.000000
rn1 60000000 60999999 4228.000000
rn1 61000000 61999999 869.000000
rn1 62000000 62999999 3813.000000
rn1 63000000 63999999 7781.000000
rn1 64000000 64999999 8578.000000
rn1 65000000 65999999 11957.000000
rn1 66000000 66999999 3835.000000
rn1 67000000 67999999 18234.000000
rn1 69000000 69999999 312.000000
rn1 70000000 70999999 8504.000000
rn1 71000000 71999999 6264.000000
rn1 72000000 72999999 7046.000000
rn1 73000000 73999999 6496.000000
rn1 76000000 76999999 1409.000000
rn1 77000000 77999999 3292.000000
rn1 78000000 78999999 1064.000000
rn1 79000000 79999999 24008.000000
rn1 80000000 80999999 2688.000000
rn1 81000000 81999999 2368.000000
rn1 82000000 82999999 11299.000000
rn1 83000000 83999999 5097.000000
rn1 84000000 84999999 9101.000000
rn1 85000000 85999999 11967.000000
rn1 86000000 86999999 5419.000000
rn1 87000000 87999999 2041.000000
rn1 89000000 89999999 1360.000000
rn1 90000000 90999999 12320.000000
rn1 92000000 92999999 793.000000
rn1 93000000 93999999 7389.000000
rn1 94000000 94999999 10316.000000
rn1 95000000 95999999 64209.000000
rn1 96000000 96999999 11476.000000
rn1 97000000 97999999 1071.000000
rn1 98000000 98999999 1539.000000
rn1 100000000 100999999 2291.000000
rn1 101000000 101999999 2428.000000
rn1 102000000 102999999 1278.000000
rn1 103000000 103999999 1128.000000
rn1 106000000 106999999 3142.000000
rn1 107000000 107999999 2020.000000
rn1 108000000 108999999 2487.000000
rn1 109000000 109999999 1456.000000
rn1 110000000 110999999 74.000000
rn1 111000000 111999999 6054.000000
rn1 114000000 114999999 924.000000
rn1 116000000 116999999 1282.000000
rn1 117000000 117999999 4271.000000
rn1 118000000 118999999 2421.000000
rn1 119000000 119999999 1114.000000
rn1 120000000 120999999 13214.000000
rn1 122000000 122999999 1978.000000
rn1 123000000 123999999 260.000000
rn1 124000000 124999999 1594.000000
rn1 125000000 125999999 1520.000000
rn1 128000000 128999999 1664.000000
rn1 129000000 129999999 695.000000
rn1 130000000 130999999 1000.000000
rn1 131000000 131999999 5248.000000
rn1 132000000 132999999 1456.000000
rn1 133000000 133999999 370.000000
rn1 134000000 134999999 459.000000
rn1 135000000 135999999 1019.000000
rn1 136000000 136999999 1093.000000
rn1 137000000 137999999 8151.000000
rn1 138000000 138999999 494.000000
rn1 139000000 139999999 799.000000
rn1 140000000 140999999 5012.000000
rn1 141000000 141999999 1747.000000
rn1 142000000 142999999 11683.000000
rn1 143000000 143999999 2134.000000
rn1 144000000 144999999 1923.000000
rn1 145000000 145999999 1202.000000
rn1 146000000 146999999 662.000000
rn1 147000000 147999999 1725.000000
rn1 148000000 148999999 478.000000
rn1 149000000 149999999 3407.000000
rn1 150000000 150999999 5186.000000
rn1 151000000 151999999 926.000000
rn1 152000000 152999999 535.000000
rn1 153000000 153999999 597.000000
rn1 154000000 154999999 53593.000000
rn1 155000000 155999999 2896.000000
rn1 156000000 156999999 3250.000000
rn1 157000000 157999999 1457.000000
rn1 158000000 158999999 1646.000000
rn1 159000000 159999999 3718.000000
rn1 160000000 160999999 2649.000000
rn1 162000000 162999999 383.000000
rn1 163000000 163999999 5946.000000
rn1 164000000 164999999 14508.000000
rn1 165000000 165999999 24323.000000
rn1 166000000 166999999 13140.000000
rn1 167000000 167999999 12435.000000
rn1 168000000 168999999 14899.000000
rn1 169000000 169999999 390.000000
rn1 170000000 170999999 18382.000000
rn1 171000000 171999999 1569.000000
rn1 172000000 172999999 2030.000000
rn1 173000000 173999999 158.000000
rn1 174000000 174999999 1368.000000
rn1 176000000 176999999 7171.000000
rn1 177000000 177999999 6602.000000
rn1 178000000 178999999 485.000000
rn1 179000000 179999999 27211.000000
rn1 180000000 180999999 6282.000000
rn1 181000000 181999999 2292.000000
rn1 182000000 182999999 13048.000000
rn1 183000000 183999999 475.000000
rn1 185000000 185999999 13142.000000
rn1 186000000 186999999 19032.000000
rn1 187000000 187999999 11358.000000
rn1 188000000 188999999 4236.000000
rn1 189000000 189999999 1274.000000
rn1 190000000 190999999 1138.000000
rn1 192000000 192999999 2045.000000
rn1 193000000 193999999 570.000000
rn1 194000000 194999999 878.000000
rn1 195000000 195999999 444.000000
rn1 198000000 198999999 3111.000000
rn1 199000000 199999999 1220.000000
rn1 200000000 200999999 15684.000000
rn1 201000000 201999999 8548.000000
rn1 204000000 204999999 11727.000000
rn1 205000000 205999999 33252.000000
rn1 206000000 206999999 87807.000000
rn1 207000000 207999999 3488.000000
rn1 208000000 208999999 1870.000000
rn1 209000000 209999999 2687.000000
rn1 210000000 210999999 2421.000000
rn1 211000000 211999999 1117.000000
rn1 212000000 212999999 1832.000000
rn1 213000000 213999999 1635.000000
rn1 214000000 214999999 17758.000000
rn1 215000000 215999999 12317.000000
rn1 216000000 216999999 31093.000000
rn1 217000000 217999999 2724.000000
rn1 218000000 218999999 153.000000
rn1 219000000 219999999 3485.000000
rn1 220000000 220999999 6273.000000
rn1 221000000 221999999 365.000000
rn1 222000000 222999999 12551.000000
rn1 223000000 223999999 503.000000
rn1 224000000 224999999 9855.000000
rn1 225000000 225999999 609.000000
rn1 226000000 226999999 1701.000000
rn1 227000000 227999999 1567.000000
rn1 228000000 228999999 3936.000000
rn1 229000000 229999999 325.000000
rn1 230000000 230999999 1119.000000
rn1 232000000 232999999 2010.000000
rn1 233000000 233999999 2593.000000
rn1 234000000 234999999 1235.000000
rn1 236000000 236999999 1295.000000
rn1 238000000 238999999 2352.000000
rn1 240000000 240999999 6473.000000
rn1 241000000 241999999 3278.000000
rn1 242000000 242999999 331.000000
rn1 243000000 243999999 1886.000000
rn1 244000000 244999999 2957.000000
rn1 245000000 245999999 1286.000000
rn1 246000000 246999999 369.000000
rn1 248000000 248999999 4331.000000
rn1 249000000 249999999 2524.000000
rn1 250000000 250999999 10594.000000
rn1 251000000 251999999 10281.000000
rn1 252000000 252999999 2695.000000
rn1 253000000 253999999 975.000000
rn1 254000000 254999999 1127.000000
rn1 255000000 255999999 336.000000
rn1 257000000 257999999 1124.000000
rn1 258000000 258999999 4333.000000
rn1 259000000 259999999 182.000000
rn1 266000000 266999999 1173.000000
rn1 267000000 267999999 16961.000000
