rn1 0 999999 17637.000000
rn1 1000000 1999999 4425.000000
rn1 2000000 2999999 3311.000000
rn1 3000000 3999999 3120.000000
rn1 4000000 4999999 3463.000000
rn1 5000000 5999999 1490.000000
rn1 6000000 6999999 7597.000000
rn1 7000000 7999999 3741.000000
rn1 8000000 8999999 1360.000000
rn1 9000000 9999999 1224.000000
rn1 10000000 10999999 1498.000000
rn1 11000000 11999999 4158.000000
rn1 12000000 12999999 2885.000000
rn1 13000000 13999999 8148.000000
rn1 14000000 14999999 2604.000000
rn1 15000000 15999999 11948.000000
rn1 16000000 16999999 5427.000000
rn1 17000000 17999999 5523.000000
rn1 18000000 18999999 1756.000000
rn1 19000000 19999999 3641.000000
rn1 20000000 20999999 6293.000000
rn1 21000000 21999999 1583.000000
rn1 22000000 22999999 4026.000000
rn1 23000000 23999999 3251.000000
rn1 24000000 24999999 4578.000000
rn1 25000000 25999999 347.000000
rn1 26000000 26999999 4945.000000
rn1 27000000 27999999 1137.000000
rn1 28000000 28999999 5934.000000
rn1 29000000 29999999 11790.000000
rn1 30000000 30999999 48739.000000
rn1 31000000 31999999 216665.000000
rn1 32000000 32999999 164043.000000
rn1 33000000 33999999 121523.000000
rn1 34000000 34999999 6367.000000
rn1 35000000 35999999 1748.000000
rn1 36000000 36999999 2674.000000
rn1 37000000 37999999 15595.000000
rn1 38000000 38999999 5259.000000
rn1 40000000 40999999 2712.000000
rn1 41000000 41999999 839.000000
rn1 42000000 42999999 26885.000000
rn1 43000000 43999999 912.000000
rn1 44000000 44999999 1781.000000
rn1 45000000 45999999 6417.000000
rn1 46000000 46999999 2799.000000
rn1 47000000 47999999 4996.000000
rn1 48000000 48999999 1354.000000
rn1 49000000 49999999 3363.000000
rn1 53000000 53999999 230.000000
rn1 54000000 54999999 16094.000000
rn1 55000000 55999999 2713.000000
rn1 56000000 56999999 3259.000000
rn1 57000000 57999999 11910.000000
rn1 58000000 58999999 20675.000000
rn1 59000000 59999999 17326.000000
rn1 60000000 60999999 2845.000000
rn1 61000000 61999999 778.000000
rn1 62000000 62999999 27793.000000
rn1 63000000 63999999 16980.000000
rn1 64000000 64999999 24187.000000
rn1 65000000 65999999 22559.000000
rn1 66000000 66999999 9197.000000
rn1 67000000 67999999 11564.000000
rn1 68000000 68999999 5003.000000
rn1 69000000 69999999 2026.000000
rn1 70000000 70999999 16083.000000
rn1 71000000 71999999 15059.000000
rn1 72000000 72999999 19059.000000
rn1 73000000 73999999 7051.000000
rn1 74000000 74999999 12058.000000
rn1 75000000 75999999 6692.000000
rn1 76000000 76999999 33620.000000
rn1 77000000 77999999 17104.000000
rn1 78000000 78999999 16369.000000
rn1 79000000 79999999 41248.000000
rn1 80000000 80999999 15936.000000
rn1 81000000 81999999 5695.000000
rn1 82000000 82999999 36515.000000
rn1 83000000 83999999 19145.000000
rn1 84000000 84999999 19370.000000
rn1 85000000 85999999 23530.000000
rn1 86000000 86999999 9070.000000
rn1 87000000 87999999 2265.000000
rn1 88000000 88999999 2056.000000
rn1 89000000 89999999 2565.000000
rn1 90000000 90999999 12949.000000
rn1 91000000 91999999 3727.000000
rn1 92000000 92999999 25530.000000
rn1 93000000 93999999 8822.000000
rn1 94000000 94999999 8676.000000
rn1 95000000 95999999 14014.000000
rn1 96000000 96999999 6733.000000
rn1 97000000 97999999 23473.000000
rn1 98000000 98999999 2000.000000
rn1 99000000 99999999 574.000000
rn1 100000000 100999999 3375.000000
rn1 101000000 101999999 3529.000000
rn1 102000000 102999999 33255.000000
rn1 103000000 103999999 19051.000000
rn1 104000000 104999999 1278.000000
rn1 105000000 105999999 108.000000
rn1 106000000 106999999 12865.000000
rn1 107000000 107999999 15069.000000
rn1 108000000 108999999 5427.000000
rn1 109000000 109999999 2416.000000
rn1 110000000 110999999 7067.000000
rn1 111000000 111999999 9563.000000
rn1 112000000 112999999 1896.000000
rn1 113000000 113999999 11007.000000
rn1 114000000 114999999 8777.000000
rn1 115000000 115999999 4064.000000
rn1 116000000 116999999 2998.000000
rn1 117000000 117999999 11232.000000
rn1 118000000 118999999 56363.000000
rn1 119000000 119999999 2402.000000
rn1 120000000 120999999 14161.000000
rn1 121000000 121999999 2571.000000
rn1 122000000 122999999 4869.000000
rn1 123000000 123999999 876.000000
rn1 124000000 124999999 2523.000000
rn1 125000000 125999999 3538.000000
rn1 126000000 126999999 1233.000000
rn1 127000000 127999999 1679.000000
rn1 128000000 128999999 2381.000000
rn1 129000000 129999999 3615.000000
rn1 130000000 130999999 1882.000000
rn1 131000000 131999999 6456.000000
rn1 132000000 132999999 372.000000
rn1 133000000 133999999 774.000000
rn1 134000000 134999999 3190.000000
rn1 135000000 135999999 11125.000000
rn1 136000000 136999999 12775.000000
rn1 137000000 137999999 9438.000000
rn1 138000000 138999999 1888.000000
rn1 139000000 139999999 1706.000000
rn1 140000000 140999999 651.000000
rn1 141000000 141999999 3100.000000
rn1 142000000 142999999 28462.000000
rn1 143000000 143999999 1317.000000
rn1 144000000 144999999 2101.000000
rn1 145000000 145999999 2543.000000
rn1 146000000 146999999 8003.000000
rn1 147000000 147999999 4582.000000
rn1 148000000 148999999 567.000000
rn1 149000000 149999999 30359.000000
rn1 150000000 150999999 5999.000000
rn1 151000000 151999999 2331.000000
rn1 152000000 152999999 2227.000000
rn1 153000000 153999999 761.000000
rn1 154000000 154999999 5587.000000
rn1 155000000 155999999 37918.000000
rn1 156000000 156999999 7271.000000
rn1 157000000 157999999 7250.000000
rn1 158000000 158999999 29338.000000
rn1 159000000 159999999 10918.000000
rn1 160000000 160999999 14685.000000
rn1 161000000 161999999 14680.000000
rn1 162000000 162999999 19564.000000
rn1 163000000 163999999 18170.000000
rn1 164000000 164999999 27792.000000
rn1 165000000 165999999 28584.000000
rn1 166000000 166999999 29186.000000
rn1 167000000 167999999 5166.000000
rn1 168000000 168999999 3912.000000
rn1 169000000 169999999 1756.000000
rn1 170000000 170999999 3254.000000
rn1 171000000 171999999 10126.000000
rn1 172000000 172999999 9732.000000
rn1 173000000 173999999 121.000000
rn1 174000000 174999999 3672.000000
rn1 175000000 175999999 1792.000000
rn1 176000000 176999999 7906.000000
rn1 177000000 177999999 5436.000000
rn1 178000000 178999999 8932.000000
rn1 179000000 179999999 60510.000000
rn1 180000000 180999999 1903.000000
rn1 181000000 181999999 3693.000000
rn1 182000000 182999999 2483.000000
rn1 183000000 183999999 13253.000000
rn1 184000000 184999999 75.000000
rn1 185000000 185999999 10473.000000
rn1 186000000 186999999 21112.000000
rn1 187000000 187999999 21006.000000
rn1 188000000 188999999 5489.000000
rn1 189000000 189999999 1796.000000
rn1 190000000 190999999 6736.000000
rn1 191000000 191999999 1955.000000
rn1 192000000 192999999 17095.000000
rn1 193000000 193999999 7520.000000
rn1 194000000 194999999 101.000000
rn1 195000000 195999999 4121.000000
rn1 196000000 196999999 398.000000
rn1 197000000 197999999 6239.000000
rn1 198000000 198999999 18458.000000
rn1 199000000 199999999 3615.000000
rn1 200000000 200999999 24182.000000
rn1 201000000 201999999 9679.000000
rn1 202000000 202999999 15229.000000
rn1 203000000 203999999 1476.000000
rn1 204000000 204999999 14688.000000
rn1 205000000 205999999 3732.000000
rn1 206000000 206999999 4574.000000
rn1 207000000 207999999 41625.000000
rn1 208000000 208999999 16970.000000
rn1 209000000 209999999 39081.000000
rn1 210000000 210999999 9038.000000
rn1 211000000 211999999 15085.000000
rn1 212000000 212999999 6902.000000
rn1 213000000 213999999 5615.000000
rn1 214000000 214999999 14204.000000
rn1 215000000 215999999 26804.000000
rn1 216000000 216999999 40105.000000
rn1 217000000 217999999 3854.000000
rn1 218000000 218999999 3225.000000
rn1 219000000 219999999 41656.000000
rn1 220000000 220999999 3760.000000
rn1 221000000 221999999 3347.000000
rn1 222000000 222999999 6220.000000
rn1 223000000 223999999 4008.000000
rn1 224000000 224999999 5275.000000
rn1 225000000 225999999 1730.000000
rn1 226000000 226999999 3282.000000
rn1 227000000 227999999 5055.000000
rn1 228000000 228999999 163613.000000
rn1 229000000 229999999 602.000000
rn1 230000000 230999999 3510.000000
rn1 231000000 231999999 1224.000000
rn1 232000000 232999999 6966.000000
rn1 233000000 233999999 7817.000000
rn1 234000000 234999999 2616.000000
rn1 236000000 236999999 2475.000000
rn1 237000000 237999999 1941.000000
rn1 238000000 238999999 4511.000000
rn1 239000000 239999999 5754.000000
rn1 240000000 240999999 5193.000000
rn1 241000000 241999999 12318.000000
rn1 242000000 242999999 28970.000000
rn1 243000000 243999999 6659.000000
rn1 244000000 244999999 5516.000000
rn1 245000000 245999999 4166.000000
rn1 246000000 246999999 1853.000000
rn1 247000000 247999999 8550.000000
rn1 248000000 248999999 13108.000000
rn1 249000000 249999999 4748.000000
rn1 250000000 250999999 10385.000000
rn1 251000000 251999999 26998.000000
rn1 252000000 252999999 25335.000000
rn1 253000000 253999999 3860.000000
rn1 254000000 254999999 2454.000000
rn1 255000000 255999999 2597.000000
rn1 256000000 256999999 771.000000
rn1 257000000 257999999 5237.000000
rn1 258000000 258999999 4894.000000
rn1 259000000 259999999 21881.000000
rn1 260000000 260999999 2194.000000
rn1 261000000 261999999 1919.000000
rn1 262000000 262999999 19806.000000
rn1 263000000 263999999 3899.000000
rn1 264000000 264999999 778.000000
rn1 265000000 265999999 5532.000000
rn1 266000000 266999999 3233.000000
rn1 267000000 267999999 7400.000000
