mm1 3000000 3999999 383.000000
mm1 4000000 4999999 14936.000000
mm1 5000000 5999999 1853.000000
mm1 6000000 6999999 16671.000000
mm1 7000000 7999999 7529.000000
mm1 8000000 8999999 906.000000
mm1 9000000 9999999 8326.000000
mm1 10000000 10999999 1006.000000
mm1 11000000 11999999 1650.000000
mm1 12000000 12999999 2614.000000
mm1 13000000 13999999 6890.000000
mm1 14000000 14999999 2604.000000
mm1 15000000 15999999 8950.000000
mm1 16000000 16999999 7495.000000
mm1 17000000 17999999 1975.000000
mm1 19000000 19999999 1881.000000
mm1 20000000 20999999 2860.000000
mm1 21000000 21999999 1153.000000
mm1 22000000 22999999 4663.000000
mm1 23000000 23999999 2107.000000
mm1 24000000 24999999 4899.000000
mm1 25000000 25999999 2879.000000
mm1 26000000 26999999 1107.000000
mm1 27000000 27999999 738.000000
mm1 28000000 28999999 539.000000
mm1 29000000 29999999 3656.000000
mm1 30000000 30999999 277.000000
mm1 31000000 31999999 3830.000000
mm1 32000000 32999999 1316.000000
mm1 33000000 33999999 469.000000
mm1 34000000 34999999 1654.000000
mm1 35000000 35999999 283.000000
mm1 36000000 36999999 7356.000000
mm1 37000000 37999999 1289.000000
mm1 38000000 38999999 11992.000000
mm1 39000000 39999999 5560.000000
mm1 40000000 40999999 1724.000000
mm1 42000000 42999999 3494.000000
mm1 43000000 43999999 3014.000000
mm1 44000000 44999999 1192.000000
mm1 45000000 45999999 2975.000000
mm1 46000000 46999999 4056.000000
mm1 47000000 47999999 3493.000000
mm1 48000000 48999999 5462.000000
mm1 50000000 50999999 681.000000
mm1 51000000 51999999 2254.000000
mm1 52000000 52999999 6586.000000
mm1 53000000 53999999 998.000000
mm1 54000000 54999999 474.000000
mm1 55000000 55999999 5426.000000
mm1 56000000 56999999 663.000000
mm1 57000000 57999999 2476.000000
mm1 58000000 58999999 7439.000000
mm1 59000000 59999999 4761.000000
mm1 60000000 60999999 17492.000000
mm1 61000000 61999999 1636.000000
mm1 62000000 62999999 736.000000
mm1 63000000 63999999 7097.000000
mm1 64000000 64999999 2165.000000
mm1 65000000 65999999 6745.000000
mm1 66000000 66999999 1974.000000
mm1 67000000 67999999 504.000000
mm1 68000000 68999999 588.000000
mm1 69000000 69999999 1003.000000
mm1 70000000 70999999 535.000000
mm1 71000000 71999999 2298.000000
mm1 72000000 72999999 3613.000000
mm1 73000000 73999999 886.000000
mm1 74000000 74999999 5644.000000
mm1 75000000 75999999 9627.000000
mm1 76000000 76999999 619.000000
mm1 77000000 77999999 4459.000000
mm1 78000000 78999999 296.000000
mm1 79000000 79999999 9984.000000
mm1 80000000 80999999 915.000000
mm1 81000000 81999999 958.000000
mm1 82000000 82999999 902.000000
mm1 83000000 83999999 1937.000000
mm1 84000000 84999999 631.000000
mm1 85000000 85999999 229.000000
mm1 88000000 88999999 2205.000000
mm1 89000000 89999999 8528.000000
mm1 90000000 90999999 1248.000000
mm1 91000000 91999999 894.000000
mm1 94000000 94999999 7838.000000
mm1 95000000 95999999 4804.000000
mm1 96000000 96999999 395.000000
mm1 97000000 97999999 1287.000000
mm1 98000000 98999999 2015.000000
mm1 99000000 99999999 33792.000000
mm1 100000000 100999999 2047.000000
mm1 101000000 101999999 953.000000
mm1 102000000 102999999 7911.000000
mm1 103000000 103999999 490.000000
mm1 105000000 105999999 2850.000000
mm1 106000000 106999999 3748.000000
mm1 107000000 107999999 11496.000000
mm1 108000000 108999999 1166.000000
mm1 109000000 109999999 282.000000
mm1 110000000 110999999 2337.000000
mm1 112000000 112999999 149.000000
mm1 113000000 113999999 3755.000000
mm1 114000000 114999999 1525.000000
mm1 117000000 117999999 1277.000000
mm1 118000000 118999999 699.000000
mm1 119000000 119999999 13336.000000
mm1 120000000 120999999 10893.000000
mm1 121000000 121999999 5673.000000
mm1 122000000 122999999 1159.000000
mm1 123000000 123999999 14925.000000
mm1 124000000 124999999 80.000000
mm1 125000000 125999999 1638.000000
mm1 126000000 126999999 2770.000000
mm1 127000000 127999999 1441.000000
mm1 129000000 129999999 3107.000000
mm1 130000000 130999999 4041.000000
mm1 131000000 131999999 482.000000
mm1 132000000 132999999 923.000000
mm1 133000000 133999999 1299.000000
mm1 134000000 134999999 1418.000000
mm1 135000000 135999999 1973.000000
mm1 136000000 136999999 44739.000000
mm1 137000000 137999999 226.000000
mm1 138000000 138999999 8344.000000
mm1 139000000 139999999 64.000000
mm1 140000000 140999999 1838.000000
mm1 141000000 141999999 1939.000000
mm1 142000000 142999999 893.000000
mm1 144000000 144999999 2061.000000
mm1 145000000 145999999 2044.000000
mm1 146000000 146999999 691.000000
mm1 147000000 147999999 10554.000000
mm1 148000000 148999999 1164.000000
mm1 149000000 149999999 2749.000000
mm1 151000000 151999999 4788.000000
mm1 152000000 152999999 1846.000000
mm1 153000000 153999999 4331.000000
mm1 154000000 154999999 2050.000000
mm1 155000000 155999999 2801.000000
mm1 156000000 156999999 1268.000000
mm1 157000000 157999999 5002.000000
mm1 158000000 158999999 3022.000000
mm1 159000000 159999999 1903.000000
mm1 160000000 160999999 409.000000
mm1 161000000 161999999 781.000000
mm1 162000000 162999999 304.000000
mm1 163000000 163999999 3087.000000
mm1 164000000 164999999 1654.000000
mm1 165000000 165999999 1078.000000
mm1 166000000 166999999 1026.000000
mm1 167000000 167999999 31418.000000
mm1 168000000 168999999 2086.000000
mm1 169000000 169999999 2470.000000
mm1 170000000 170999999 2361.000000
mm1 171000000 171999999 1462.000000
mm1 172000000 172999999 1478.000000
mm1 173000000 173999999 1955.000000
mm1 174000000 174999999 4134.000000
mm1 175000000 175999999 7998.000000
mm1 176000000 176999999 15957.000000
mm1 177000000 177999999 87.000000
mm1 178000000 178999999 1814.000000
mm1 179000000 179999999 3512.000000
mm1 180000000 180999999 838.000000
mm1 181000000 181999999 2343.000000
mm1 182000000 182999999 24558.000000
mm1 183000000 183999999 800.000000
mm1 184000000 184999999 14397.000000
mm1 185000000 185999999 490.000000
mm1 186000000 186999999 3548.000000
mm1 187000000 187999999 3255.000000
mm1 188000000 188999999 2016.000000
mm1 189000000 189999999 994.000000
mm1 191000000 191999999 444.000000
mm1 192000000 192999999 937.000000
mm1 193000000 193999999 2181.000000
mm1 194000000 194999999 350.000000
mm1 195000000 195999999 224.000000
mm1 196000000 196999999 207.000000
mm1 197000000 197999999 622.000000
