mm1 3000000 3999999 491.000000
mm1 4000000 4999999 6212.000000
mm1 5000000 5999999 2835.000000
mm1 6000000 6999999 20653.000000
mm1 7000000 7999999 889.000000
mm1 8000000 8999999 897.000000
mm1 9000000 9999999 6334.000000
mm1 10000000 10999999 917.000000
mm1 11000000 11999999 1177.000000
mm1 12000000 12999999 3205.000000
mm1 13000000 13999999 6925.000000
mm1 14000000 14999999 1726.000000
mm1 15000000 15999999 19024.000000
mm1 16000000 16999999 8916.000000
mm1 17000000 17999999 1938.000000
mm1 19000000 19999999 3931.000000
mm1 20000000 20999999 3012.000000
mm1 22000000 22999999 2724.000000
mm1 23000000 23999999 3021.000000
mm1 24000000 24999999 4918.000000
mm1 25000000 25999999 589.000000
mm1 26000000 26999999 1109.000000
mm1 27000000 27999999 646.000000
mm1 28000000 28999999 518.000000
mm1 29000000 29999999 2220.000000
mm1 30000000 30999999 1514.000000
mm1 31000000 31999999 4827.000000
mm1 32000000 32999999 634.000000
mm1 33000000 33999999 1209.000000
mm1 34000000 34999999 8531.000000
mm1 35000000 35999999 664.000000
mm1 36000000 36999999 15324.000000
mm1 37000000 37999999 4573.000000
mm1 38000000 38999999 9473.000000
mm1 39000000 39999999 3826.000000
mm1 40000000 40999999 2295.000000
mm1 42000000 42999999 3742.000000
mm1 43000000 43999999 271081.000000
mm1 44000000 44999999 35609.000000
mm1 45000000 45999999 3010.000000
mm1 46000000 46999999 3206.000000
mm1 47000000 47999999 1276.000000
mm1 48000000 48999999 5932.000000
mm1 49000000 49999999 4952.000000
mm1 50000000 50999999 282.000000
mm1 51000000 51999999 1146.000000
mm1 52000000 52999999 6837.000000
mm1 53000000 53999999 543.000000
mm1 54000000 54999999 492.000000
mm1 55000000 55999999 14926.000000
mm1 56000000 56999999 377.000000
mm1 57000000 57999999 1689.000000
mm1 58000000 58999999 2215.000000
mm1 59000000 59999999 2459.000000
mm1 60000000 60999999 6353.000000
mm1 61000000 61999999 642.000000
mm1 62000000 62999999 1224.000000
mm1 63000000 63999999 3314.000000
mm1 64000000 64999999 2256.000000
mm1 65000000 65999999 727.000000
mm1 66000000 66999999 5312.000000
mm1 67000000 67999999 1289.000000
mm1 68000000 68999999 563.000000
mm1 69000000 69999999 926.000000
mm1 70000000 70999999 1020.000000
mm1 71000000 71999999 2982.000000
mm1 72000000 72999999 2905.000000
mm1 73000000 73999999 6346.000000
mm1 74000000 74999999 1094.000000
mm1 75000000 75999999 6730.000000
mm1 76000000 76999999 635.000000
mm1 77000000 77999999 3231.000000
mm1 78000000 78999999 4434.000000
mm1 79000000 79999999 5814.000000
mm1 80000000 80999999 12164.000000
mm1 81000000 81999999 2072.000000
mm1 82000000 82999999 8161.000000
mm1 83000000 83999999 1188.000000
mm1 84000000 84999999 541.000000
mm1 87000000 87999999 3387.000000
mm1 88000000 88999999 5661.000000
mm1 89000000 89999999 18458.000000
mm1 90000000 90999999 1172.000000
mm1 91000000 91999999 1591.000000
mm1 92000000 92999999 292.000000
mm1 93000000 93999999 2252.000000
mm1 94000000 94999999 10716.000000
mm1 95000000 95999999 14269.000000
mm1 96000000 96999999 984.000000
mm1 97000000 97999999 215.000000
mm1 98000000 98999999 1246.000000
mm1 99000000 99999999 1351.000000
mm1 100000000 100999999 2125.000000
mm1 101000000 101999999 2196.000000
mm1 102000000 102999999 1140.000000
mm1 105000000 105999999 85.000000
mm1 106000000 106999999 5215.000000
mm1 107000000 107999999 7925.000000
mm1 108000000 108999999 1636.000000
mm1 109000000 109999999 2181.000000
mm1 110000000 110999999 1694.000000
mm1 112000000 112999999 3884.000000
mm1 113000000 113999999 572.000000
mm1 114000000 114999999 1877.000000
mm1 115000000 115999999 563.000000
mm1 117000000 117999999 771.000000
mm1 118000000 118999999 5003.000000
mm1 119000000 119999999 8392.000000
mm1 120000000 120999999 17234.000000
mm1 121000000 121999999 4367.000000
mm1 122000000 122999999 2261.000000
mm1 123000000 123999999 1463.000000
mm1 125000000 125999999 3934.000000
mm1 126000000 126999999 953.000000
mm1 127000000 127999999 95.000000
mm1 128000000 128999999 84.000000
mm1 129000000 129999999 1383.000000
mm1 130000000 130999999 8377.000000
mm1 131000000 131999999 484.000000
mm1 132000000 132999999 429.000000
mm1 133000000 133999999 2399.000000
mm1 134000000 134999999 1290.000000
mm1 135000000 135999999 1976.000000
mm1 136000000 136999999 5206.000000
mm1 137000000 137999999 1631.000000
mm1 138000000 138999999 2797.000000
mm1 140000000 140999999 2393.000000
mm1 141000000 141999999 732.000000
mm1 142000000 142999999 137.000000
mm1 144000000 144999999 2054.000000
mm1 145000000 145999999 849.000000
mm1 146000000 146999999 1230.000000
mm1 147000000 147999999 6276.000000
mm1 149000000 149999999 773.000000
mm1 150000000 150999999 901.000000
mm1 151000000 151999999 3702.000000
mm1 152000000 152999999 1854.000000
mm1 153000000 153999999 2747.000000
mm1 154000000 154999999 2445.000000
mm1 155000000 155999999 30374.000000
mm1 156000000 156999999 913.000000
mm1 157000000 157999999 5524.000000
mm1 158000000 158999999 2856.000000
mm1 159000000 159999999 3173.000000
mm1 160000000 160999999 418.000000
mm1 161000000 161999999 1227.000000
mm1 162000000 162999999 3027.000000
mm1 163000000 163999999 1447.000000
mm1 164000000 164999999 423.000000
mm1 165000000 165999999 1066.000000
mm1 166000000 166999999 767.000000
mm1 167000000 167999999 4975.000000
mm1 168000000 168999999 1084.000000
mm1 169000000 169999999 2368.000000
mm1 170000000 170999999 141.000000
mm1 172000000 172999999 2069.000000
mm1 173000000 173999999 1017.000000
mm1 174000000 174999999 39855.000000
mm1 175000000 175999999 6364.000000
mm1 176000000 176999999 12243.000000
mm1 177000000 177999999 6653.000000
mm1 178000000 178999999 803.000000
mm1 179000000 179999999 796.000000
mm1 180000000 180999999 1292.000000
mm1 181000000 181999999 3397.000000
mm1 182000000 182999999 47596.000000
mm1 183000000 183999999 1542.000000
mm1 184000000 184999999 1893.000000
mm1 185000000 185999999 350.000000
mm1 186000000 186999999 2744.000000
mm1 187000000 187999999 546.000000
mm1 188000000 188999999 1716.000000
mm1 189000000 189999999 509.000000
mm1 190000000 190999999 535.000000
mm1 192000000 192999999 725.000000
mm1 193000000 193999999 2570.000000
mm1 194000000 194999999 1764.000000
mm1 196000000 196999999 464.000000
