rn1 1000000 1999999 1265.000000
rn1 2000000 2999999 1887.000000
rn1 3000000 3999999 3411.000000
rn1 4000000 4999999 2670.000000
rn1 5000000 5999999 2119.000000
rn1 6000000 6999999 2811.000000
rn1 7000000 7999999 3482.000000
rn1 8000000 8999999 1190.000000
rn1 9000000 9999999 834.000000
rn1 10000000 10999999 1108.000000
rn1 12000000 12999999 5137.000000
rn1 13000000 13999999 1013.000000
rn1 14000000 14999999 3811.000000
rn1 15000000 15999999 683.000000
rn1 16000000 16999999 4452.000000
rn1 17000000 17999999 3260.000000
rn1 18000000 18999999 1754.000000
rn1 19000000 19999999 823.000000
rn1 20000000 20999999 2669.000000
rn1 21000000 21999999 3399.000000
rn1 22000000 22999999 2528.000000
rn1 23000000 23999999 4389.000000
rn1 24000000 24999999 3510.000000
rn1 26000000 26999999 4038.000000
rn1 27000000 27999999 191.000000
rn1 28000000 28999999 3279.000000
rn1 29000000 29999999 5060.000000
rn1 30000000 30999999 5425.000000
rn1 31000000 31999999 9558.000000
rn1 32000000 32999999 86800.000000
rn1 33000000 33999999 98276.000000
rn1 34000000 34999999 13504.000000
rn1 35000000 35999999 17029.000000
rn1 36000000 36999999 2097.000000
rn1 37000000 37999999 4895.000000
rn1 38000000 38999999 773.000000
rn1 39000000 39999999 294.000000
rn1 41000000 41999999 1413.000000
rn1 42000000 42999999 1714.000000
rn1 44000000 44999999 508.000000
rn1 45000000 45999999 1838.000000
rn1 46000000 46999999 1333.000000
rn1 47000000 47999999 1933.000000
rn1 48000000 48999999 1933.000000
rn1 49000000 49999999 3967.000000
rn1 53000000 53999999 4399.000000
rn1 54000000 54999999 9017.000000
rn1 55000000 55999999 1687.000000
rn1 56000000 56999999 1818.000000
rn1 57000000 57999999 8132.000000
rn1 58000000 58999999 10722.000000
rn1 59000000 59999999 12658.000000
rn1 60000000 60999999 3960.000000
rn1 61000000 61999999 772.000000
rn1 62000000 62999999 11624.000000
rn1 63000000 63999999 4696.000000
rn1 64000000 64999999 6802.000000
rn1 65000000 65999999 16968.000000
rn1 66000000 66999999 2309.000000
rn1 67000000 67999999 3538.000000
rn1 68000000 68999999 2197.000000
rn1 71000000 71999999 2869.000000
rn1 72000000 72999999 7175.000000
rn1 73000000 73999999 2174.000000
rn1 74000000 74999999 6343.000000
rn1 76000000 76999999 29018.000000
rn1 77000000 77999999 22820.000000
rn1 78000000 78999999 47256.000000
rn1 79000000 79999999 23559.000000
rn1 80000000 80999999 12647.000000
rn1 81000000 81999999 1309.000000
rn1 82000000 82999999 73323.000000
rn1 83000000 83999999 16232.000000
rn1 84000000 84999999 40383.000000
rn1 85000000 85999999 9071.000000
rn1 86000000 86999999 13076.000000
rn1 87000000 87999999 11440.000000
rn1 88000000 88999999 2003.000000
rn1 89000000 89999999 2280.000000
rn1 90000000 90999999 2792.000000
rn1 91000000 91999999 1730.000000
rn1 92000000 92999999 2114.000000
rn1 93000000 93999999 8311.000000
rn1 94000000 94999999 1626.000000
rn1 95000000 95999999 14725.000000
rn1 96000000 96999999 3269.000000
rn1 97000000 97999999 3557.000000
rn1 98000000 98999999 1708.000000
rn1 100000000 100999999 810.000000
rn1 101000000 101999999 2440.000000
rn1 102000000 102999999 7305.000000
rn1 105000000 105999999 95.000000
rn1 106000000 106999999 6671.000000
rn1 107000000 107999999 5262.000000
rn1 108000000 108999999 3466.000000
rn1 109000000 109999999 3139.000000
rn1 110000000 110999999 784.000000
rn1 111000000 111999999 4528.000000
rn1 112000000 112999999 324.000000
rn1 113000000 113999999 695.000000
rn1 114000000 114999999 1684.000000
rn1 116000000 116999999 1823.000000
rn1 117000000 117999999 6432.000000
rn1 118000000 118999999 4478.000000
rn1 119000000 119999999 2461.000000
rn1 120000000 120999999 576.000000
rn1 121000000 121999999 2324.000000
rn1 122000000 122999999 3080.000000
rn1 123000000 123999999 927.000000
rn1 124000000 124999999 3008.000000
rn1 125000000 125999999 1318.000000
rn1 126000000 126999999 546.000000
rn1 128000000 128999999 1773.000000
rn1 129000000 129999999 812.000000
rn1 130000000 130999999 1821.000000
rn1 131000000 131999999 5330.000000
rn1 133000000 133999999 400.000000
rn1 134000000 134999999 1744.000000
rn1 135000000 135999999 1623.000000
rn1 136000000 136999999 1355.000000
rn1 137000000 137999999 22322.000000
rn1 138000000 138999999 2823.000000
rn1 139000000 139999999 720.000000
rn1 140000000 140999999 603.000000
rn1 141000000 141999999 4087.000000
rn1 142000000 142999999 23306.000000
rn1 143000000 143999999 1157.000000
rn1 144000000 144999999 2343.000000
rn1 145000000 145999999 3653.000000
rn1 146000000 146999999 6266.000000
rn1 147000000 147999999 2644.000000
rn1 148000000 148999999 417.000000
rn1 149000000 149999999 4372.000000
rn1 150000000 150999999 2140.000000
rn1 151000000 151999999 2391.000000
rn1 152000000 152999999 855.000000
rn1 153000000 153999999 938.000000
rn1 154000000 154999999 477.000000
rn1 155000000 155999999 5064.000000
rn1 156000000 156999999 2867.000000
rn1 157000000 157999999 4484.000000
rn1 158000000 158999999 6935.000000
rn1 159000000 159999999 4384.000000
rn1 160000000 160999999 24658.000000
rn1 161000000 161999999 27907.000000
rn1 162000000 162999999 35241.000000
rn1 163000000 163999999 16904.000000
rn1 164000000 164999999 25007.000000
rn1 165000000 165999999 33569.000000
rn1 166000000 166999999 21211.000000
rn1 167000000 167999999 2900.000000
rn1 168000000 168999999 764.000000
rn1 169000000 169999999 888.000000
rn1 170000000 170999999 3533.000000
rn1 171000000 171999999 2892.000000
rn1 172000000 172999999 1586.000000
rn1 173000000 173999999 298.000000
rn1 174000000 174999999 6899.000000
rn1 175000000 175999999 1745.000000
rn1 176000000 176999999 13113.000000
rn1 177000000 177999999 1566.000000
rn1 179000000 179999999 27920.000000
rn1 180000000 180999999 280.000000
rn1 181000000 181999999 2141.000000
rn1 182000000 182999999 21676.000000
rn1 183000000 183999999 3757.000000
rn1 184000000 184999999 201.000000
rn1 185000000 185999999 63364.000000
rn1 186000000 186999999 9603.000000
rn1 187000000 187999999 2367.000000
rn1 188000000 188999999 3631.000000
rn1 189000000 189999999 254.000000
rn1 190000000 190999999 5875.000000
rn1 191000000 191999999 1827.000000
rn1 192000000 192999999 2553.000000
rn1 193000000 193999999 870.000000
rn1 194000000 194999999 677.000000
rn1 195000000 195999999 1617.000000
rn1 197000000 197999999 1266.000000
rn1 198000000 198999999 10164.000000
rn1 199000000 199999999 3428.000000
rn1 200000000 200999999 27607.000000
rn1 201000000 201999999 4234.000000
rn1 203000000 203999999 228.000000
rn1 204000000 204999999 4437.000000
rn1 205000000 205999999 289.000000
rn1 206000000 206999999 2498.000000
rn1 207000000 207999999 54968.000000
rn1 208000000 208999999 24704.000000
rn1 209000000 209999999 55027.000000
rn1 210000000 210999999 5973.000000
rn1 211000000 211999999 24114.000000
rn1 212000000 212999999 6218.000000
rn1 213000000 213999999 3584.000000
rn1 214000000 214999999 14925.000000
rn1 215000000 215999999 16416.000000
rn1 216000000 216999999 42233.000000
rn1 217000000 217999999 2853.000000
rn1 218000000 218999999 1046.000000
rn1 219000000 219999999 2179.000000
rn1 220000000 220999999 1310.000000
rn1 221000000 221999999 505.000000
rn1 222000000 222999999 2354.000000
rn1 223000000 223999999 2237.000000
rn1 224000000 224999999 2898.000000
rn1 225000000 225999999 1859.000000
rn1 226000000 226999999 2865.000000
rn1 227000000 227999999 4282.000000
rn1 228000000 228999999 4344.000000
rn1 229000000 229999999 260.000000
rn1 230000000 230999999 36887.000000
rn1 231000000 231999999 540.000000
rn1 232000000 232999999 4715.000000
rn1 233000000 233999999 3136.000000
rn1 234000000 234999999 2172.000000
rn1 235000000 235999999 661.000000
rn1 236000000 236999999 2691.000000
rn1 237000000 237999999 610.000000
rn1 238000000 238999999 2524.000000
rn1 239000000 239999999 1538.000000
rn1 240000000 240999999 2175.000000
rn1 241000000 241999999 4236.000000
rn1 242000000 242999999 1527.000000
rn1 244000000 244999999 103.000000
rn1 245000000 245999999 11870.000000
rn1 246000000 246999999 271.000000
rn1 247000000 247999999 1452.000000
rn1 248000000 248999999 546.000000
rn1 249000000 249999999 8446.000000
rn1 250000000 250999999 3470.000000
rn1 251000000 251999999 10338.000000
rn1 252000000 252999999 5516.000000
rn1 253000000 253999999 3763.000000
rn1 254000000 254999999 1549.000000
rn1 255000000 255999999 3437.000000
rn1 256000000 256999999 1157.000000
rn1 257000000 257999999 1078.000000
rn1 258000000 258999999 3997.000000
rn1 259000000 259999999 2142.000000
rn1 260000000 260999999 729.000000
rn1 262000000 262999999 346.000000
rn1 263000000 263999999 2170.000000
rn1 264000000 264999999 1856.000000
rn1 265000000 265999999 2369.000000
rn1 266000000 266999999 3586.000000
rn1 267000000 267999999 3071.000000
