mm1 4000000 4999999 2719.000000
mm1 5000000 5999999 1212.000000
mm1 6000000 6999999 13485.000000
mm1 7000000 7999999 2340.000000
mm1 8000000 8999999 156.000000
mm1 9000000 9999999 5640.000000
mm1 10000000 10999999 1856.000000
mm1 11000000 11999999 1620.000000
mm1 12000000 12999999 2185.000000
mm1 13000000 13999999 1701.000000
mm1 14000000 14999999 1552.000000
mm1 15000000 15999999 17875.000000
mm1 16000000 16999999 4953.000000
mm1 17000000 17999999 1179.000000
mm1 18000000 18999999 15266.000000
mm1 19000000 19999999 6454.000000
mm1 20000000 20999999 3752.000000
mm1 21000000 21999999 585.000000
mm1 22000000 22999999 1917.000000
mm1 23000000 23999999 1904.000000
mm1 24000000 24999999 3266.000000
mm1 25000000 25999999 1384.000000
mm1 27000000 27999999 552.000000
mm1 28000000 28999999 510.000000
mm1 29000000 29999999 1884.000000
mm1 30000000 30999999 278.000000
mm1 31000000 31999999 650.000000
mm1 32000000 32999999 1008.000000
mm1 33000000 33999999 1375.000000
mm1 34000000 34999999 17876.000000
mm1 35000000 35999999 272.000000
mm1 36000000 36999999 3272.000000
mm1 37000000 37999999 1040.000000
mm1 38000000 38999999 10365.000000
mm1 39000000 39999999 4102.000000
mm1 40000000 40999999 1718.000000
mm1 42000000 42999999 930.000000
mm1 43000000 43999999 1429.000000
mm1 44000000 44999999 3672.000000
mm1 45000000 45999999 4081.000000
mm1 46000000 46999999 4403.000000
mm1 47000000 47999999 1167.000000
mm1 48000000 48999999 2656.000000
mm1 49000000 49999999 4048.000000
mm1 51000000 51999999 1128.000000
mm1 52000000 52999999 3413.000000
mm1 53000000 53999999 1223.000000
mm1 54000000 54999999 408.000000
mm1 55000000 55999999 5062.000000
mm1 56000000 56999999 724.000000
mm1 57000000 57999999 887.000000
mm1 58000000 58999999 4655.000000
mm1 59000000 59999999 1201.000000
mm1 60000000 60999999 2403.000000
mm1 61000000 61999999 1786.000000
mm1 62000000 62999999 1030.000000
mm1 63000000 63999999 2571.000000
mm1 64000000 64999999 1371.000000
mm1 65000000 65999999 1012.000000
mm1 66000000 66999999 1819.000000
mm1 67000000 67999999 83.000000
mm1 68000000 68999999 686.000000
mm1 69000000 69999999 1124.000000
mm1 70000000 70999999 2021.000000
mm1 71000000 71999999 2486.000000
mm1 72000000 72999999 2672.000000
mm1 75000000 75999999 5735.000000
mm1 77000000 77999999 2103.000000
mm1 78000000 78999999 1870.000000
mm1 80000000 80999999 3368.000000
mm1 81000000 81999999 778.000000
mm1 82000000 82999999 252.000000
mm1 83000000 83999999 1188.000000
mm1 84000000 84999999 1371.000000
mm1 87000000 87999999 222.000000
mm1 88000000 88999999 1633.000000
mm1 89000000 89999999 4012.000000
mm1 90000000 90999999 1053.000000
mm1 91000000 91999999 961.000000
mm1 93000000 93999999 163.000000
mm1 94000000 94999999 7232.000000
mm1 95000000 95999999 10959.000000
mm1 96000000 96999999 1075.000000
mm1 97000000 97999999 307.000000
mm1 98000000 98999999 1249.000000
mm1 100000000 100999999 3170.000000
mm1 102000000 102999999 1168.000000
mm1 105000000 105999999 8272752.000000
mm1 106000000 106999999 24966.000000
mm1 107000000 107999999 9972.000000
mm1 108000000 108999999 46099.000000
mm1 109000000 109999999 61462.000000
mm1 110000000 110999999 17706.000000
mm1 111000000 111999999 2748.000000
mm1 112000000 112999999 25804.000000
mm1 113000000 113999999 24738.000000
mm1 114000000 114999999 75925.000000
mm1 115000000 115999999 101.000000
mm1 117000000 117999999 943.000000
mm1 118000000 118999999 2874.000000
mm1 119000000 119999999 20341.000000
mm1 120000000 120999999 4905.000000
mm1 121000000 121999999 5579.000000
mm1 122000000 122999999 1151.000000
mm1 123000000 123999999 570.000000
mm1 125000000 125999999 424.000000
mm1 127000000 127999999 84.000000
mm1 128000000 128999999 902.000000
mm1 129000000 129999999 2780.000000
mm1 130000000 130999999 1545.000000
mm1 131000000 131999999 448.000000
mm1 132000000 132999999 3606.000000
mm1 133000000 133999999 4293.000000
mm1 134000000 134999999 1751.000000
mm1 135000000 135999999 858.000000
mm1 136000000 136999999 1294.000000
mm1 137000000 137999999 725.000000
mm1 138000000 138999999 1858.000000
mm1 139000000 139999999 1164.000000
mm1 140000000 140999999 922.000000
mm1 141000000 141999999 1381.000000
mm1 142000000 142999999 218.000000
mm1 144000000 144999999 900.000000
mm1 145000000 145999999 2122.000000
mm1 146000000 146999999 710.000000
mm1 147000000 147999999 3540.000000
mm1 149000000 149999999 1269.000000
mm1 150000000 150999999 908.000000
mm1 151000000 151999999 1871.000000
mm1 152000000 152999999 1575.000000
mm1 153000000 153999999 5016.000000
mm1 154000000 154999999 2153.000000
mm1 155000000 155999999 2740.000000
mm1 156000000 156999999 2361.000000
mm1 157000000 157999999 1813.000000
mm1 158000000 158999999 1563.000000
mm1 159000000 159999999 1800.000000
mm1 160000000 160999999 418.000000
mm1 161000000 161999999 46231.000000
mm1 162000000 162999999 1435.000000
mm1 164000000 164999999 2893.000000
mm1 165000000 165999999 2173.000000
mm1 167000000 167999999 4612.000000
mm1 168000000 168999999 4291.000000
mm1 169000000 169999999 2082.000000
mm1 171000000 171999999 2015.000000
mm1 172000000 172999999 1336.000000
mm1 173000000 173999999 2061.000000
mm1 174000000 174999999 3153.000000
mm1 175000000 175999999 2347.000000
mm1 176000000 176999999 9266.000000
mm1 177000000 177999999 953.000000
mm1 178000000 178999999 2172.000000
mm1 179000000 179999999 2727.000000
mm1 180000000 180999999 675.000000
mm1 181000000 181999999 2751.000000
mm1 182000000 182999999 4778.000000
mm1 183000000 183999999 1316.000000
mm1 184000000 184999999 3238.000000
mm1 185000000 185999999 359.000000
mm1 186000000 186999999 2448.000000
mm1 187000000 187999999 339.000000
mm1 188000000 188999999 2162.000000
mm1 189000000 189999999 804.000000
mm1 190000000 190999999 1170.000000
mm1 191000000 191999999 856.000000
mm1 192000000 192999999 5642.000000
mm1 193000000 193999999 1950.000000
mm1 194000000 194999999 666.000000
mm1 195000000 195999999 1017.000000
mm1 196000000 196999999 221.000000
