mm1 3000000 3999999 1817.000000
mm1 4000000 4999999 12547.000000
mm1 5000000 5999999 7029.000000
mm1 6000000 6999999 19736.000000
mm1 7000000 7999999 5489.000000
mm1 8000000 8999999 545.000000
mm1 9000000 9999999 11066.000000
mm1 10000000 10999999 46547.000000
mm1 11000000 11999999 8208.000000
mm1 12000000 12999999 11718.000000
mm1 13000000 13999999 7919.000000
mm1 14000000 14999999 3486.000000
mm1 15000000 15999999 8390.000000
mm1 16000000 16999999 7106.000000
mm1 17000000 17999999 5116.000000
mm1 18000000 18999999 409.000000
mm1 19000000 19999999 12926.000000
mm1 20000000 20999999 2442.000000
mm1 21000000 21999999 2284.000000
mm1 22000000 22999999 6856.000000
mm1 23000000 23999999 1699.000000
mm1 24000000 24999999 3546.000000
mm1 25000000 25999999 921.000000
mm1 28000000 28999999 489.000000
mm1 29000000 29999999 2480.000000
mm1 30000000 30999999 3342.000000
mm1 31000000 31999999 5041.000000
mm1 32000000 32999999 1043.000000
mm1 33000000 33999999 1476.000000
mm1 34000000 34999999 769.000000
mm1 35000000 35999999 281.000000
mm1 36000000 36999999 6780.000000
mm1 37000000 37999999 1321.000000
mm1 38000000 38999999 2297.000000
mm1 39000000 39999999 5075.000000
mm1 40000000 40999999 1475.000000
mm1 42000000 42999999 929.000000
mm1 43000000 43999999 2521.000000
mm1 44000000 44999999 693.000000
mm1 45000000 45999999 1607.000000
mm1 46000000 46999999 4634.000000
mm1 47000000 47999999 1238.000000
mm1 48000000 48999999 2597.000000
mm1 49000000 49999999 4461.000000
mm1 51000000 51999999 1057.000000
mm1 52000000 52999999 3634.000000
mm1 53000000 53999999 779.000000
mm1 54000000 54999999 3281.000000
mm1 55000000 55999999 9942.000000
mm1 56000000 56999999 196.000000
mm1 57000000 57999999 1388.000000
mm1 58000000 58999999 2232.000000
mm1 59000000 59999999 5551.000000
mm1 60000000 60999999 841.000000
mm1 61000000 61999999 1927.000000
mm1 62000000 62999999 1386.000000
mm1 63000000 63999999 1656.000000
mm1 64000000 64999999 2795.000000
mm1 65000000 65999999 2184.000000
mm1 66000000 66999999 1913.000000
mm1 68000000 68999999 719.000000
mm1 69000000 69999999 1929.000000
mm1 70000000 70999999 847.000000
mm1 71000000 71999999 3446.000000
mm1 72000000 72999999 5837.000000
mm1 74000000 74999999 1047.000000
mm1 75000000 75999999 7190.000000
mm1 76000000 76999999 253.000000
mm1 77000000 77999999 3249.000000
mm1 78000000 78999999 6283.000000
mm1 79000000 79999999 3057.000000
mm1 80000000 80999999 958.000000
mm1 81000000 81999999 897.000000
mm1 83000000 83999999 1143.000000
mm1 84000000 84999999 1177.000000
mm1 85000000 85999999 714.000000
mm1 87000000 87999999 373.000000
mm1 88000000 88999999 10213.000000
mm1 89000000 89999999 5974.000000
mm1 90000000 90999999 1703.000000
mm1 91000000 91999999 1383.000000
mm1 92000000 92999999 244.000000
mm1 93000000 93999999 10890.000000
mm1 94000000 94999999 2925.000000
mm1 95000000 95999999 3676.000000
mm1 96000000 96999999 414.000000
mm1 97000000 97999999 474.000000
mm1 98000000 98999999 2082.000000
mm1 100000000 100999999 2261.000000
mm1 101000000 101999999 687.000000
mm1 102000000 102999999 1233.000000
mm1 103000000 103999999 586.000000
mm1 106000000 106999999 4503.000000
mm1 107000000 107999999 8802.000000
mm1 108000000 108999999 2087.000000
mm1 110000000 110999999 1276.000000
mm1 111000000 111999999 1298.000000
mm1 112000000 112999999 809.000000
mm1 114000000 114999999 3544.000000
mm1 117000000 117999999 931.000000
mm1 118000000 118999999 2204.000000
mm1 119000000 119999999 8436.000000
mm1 120000000 120999999 1861.000000
mm1 121000000 121999999 4567.000000
mm1 122000000 122999999 101.000000
mm1 123000000 123999999 1452.000000
mm1 125000000 125999999 1594.000000
mm1 127000000 127999999 785.000000
mm1 128000000 128999999 894.000000
mm1 129000000 129999999 928.000000
mm1 130000000 130999999 2644.000000
mm1 131000000 131999999 554.000000
mm1 132000000 132999999 185.000000
mm1 133000000 133999999 469.000000
mm1 134000000 134999999 1093.000000
mm1 135000000 135999999 2306.000000
mm1 136000000 136999999 1400.000000
mm1 137000000 137999999 437.000000
mm1 138000000 138999999 3607.000000
mm1 139000000 139999999 991.000000
mm1 140000000 140999999 4140.000000
mm1 141000000 141999999 1470.000000
mm1 142000000 142999999 1475.000000
mm1 143000000 143999999 659.000000
mm1 145000000 145999999 520.000000
mm1 146000000 146999999 684.000000
mm1 147000000 147999999 3075.000000
mm1 149000000 149999999 773.000000
mm1 150000000 150999999 1369.000000
mm1 151000000 151999999 1713.000000
mm1 152000000 152999999 3277.000000
mm1 153000000 153999999 3956.000000
mm1 154000000 154999999 2679.000000
mm1 155000000 155999999 5529.000000
mm1 156000000 156999999 912.000000
mm1 157000000 157999999 1115.000000
mm1 158000000 158999999 3465.000000
mm1 159000000 159999999 2494.000000
mm1 160000000 160999999 409.000000
mm1 161000000 161999999 738.000000
mm1 162000000 162999999 4341.000000
mm1 163000000 163999999 1374.000000
mm1 164000000 164999999 1108.000000
mm1 165000000 165999999 1210.000000
mm1 167000000 167999999 3163.000000
mm1 168000000 168999999 2402.000000
mm1 169000000 169999999 5001.000000
mm1 170000000 170999999 110.000000
mm1 171000000 171999999 1599.000000
mm1 172000000 172999999 1141.000000
mm1 173000000 173999999 2015.000000
mm1 174000000 174999999 2983.000000
mm1 176000000 176999999 217.000000
mm1 178000000 178999999 1217.000000
mm1 179000000 179999999 1075.000000
mm1 180000000 180999999 1712.000000
mm1 181000000 181999999 2994.000000
mm1 182000000 182999999 3410.000000
mm1 183000000 183999999 1402.000000
mm1 184000000 184999999 5875.000000
mm1 185000000 185999999 356.000000
mm1 186000000 186999999 2365.000000
mm1 187000000 187999999 96.000000
mm1 188000000 188999999 1681.000000
mm1 190000000 190999999 2623.000000
mm1 191000000 191999999 1102.000000
mm1 192000000 192999999 4513.000000
mm1 193000000 193999999 1806.000000
mm1 194000000 194999999 1038.000000
mm1 195000000 195999999 1029.000000
