mm1 3000000 3999999 267.000000
mm1 4000000 4999999 8444.000000
mm1 5000000 5999999 4313.000000
mm1 6000000 6999999 1410.000000
mm1 7000000 7999999 3668.000000
mm1 8000000 8999999 732.000000
mm1 9000000 9999999 7744.000000
mm1 10000000 10999999 4348.000000
mm1 11000000 11999999 1761.000000
mm1 12000000 12999999 3009.000000
mm1 13000000 13999999 6933.000000
mm1 14000000 14999999 2436.000000
mm1 15000000 15999999 3176.000000
mm1 16000000 16999999 7452.000000
mm1 17000000 17999999 3324.000000
mm1 18000000 18999999 1416.000000
mm1 19000000 19999999 3433.000000
mm1 20000000 20999999 5392.000000
mm1 21000000 21999999 4313.000000
mm1 22000000 22999999 4321.000000
mm1 23000000 23999999 7682.000000
mm1 24000000 24999999 7583.000000
mm1 25000000 25999999 1767.000000
mm1 26000000 26999999 628.000000
mm1 27000000 27999999 1295.000000
mm1 28000000 28999999 773.000000
mm1 29000000 29999999 4561.000000
mm1 30000000 30999999 7923.000000
mm1 31000000 31999999 7663.000000
mm1 32000000 32999999 2993.000000
mm1 33000000 33999999 1368.000000
mm1 34000000 34999999 5220.000000
mm1 35000000 35999999 298.000000
mm1 36000000 36999999 6584.000000
mm1 37000000 37999999 4921.000000
mm1 38000000 38999999 2376.000000
mm1 39000000 39999999 6754.000000
mm1 40000000 40999999 2184.000000
mm1 42000000 42999999 2353.000000
mm1 43000000 43999999 1914.000000
mm1 44000000 44999999 8910.000000
mm1 45000000 45999999 5555.000000
mm1 46000000 46999999 4694.000000
mm1 47000000 47999999 4471.000000
mm1 48000000 48999999 4920.000000
mm1 49000000 49999999 3780.000000
mm1 50000000 50999999 1051.000000
mm1 51000000 51999999 1853.000000
mm1 52000000 52999999 6795.000000
mm1 53000000 53999999 1160.000000
mm1 54000000 54999999 1680.000000
mm1 55000000 55999999 27429.000000
mm1 56000000 56999999 607.000000
mm1 57000000 57999999 3931.000000
mm1 58000000 58999999 7064.000000
mm1 59000000 59999999 8522.000000
mm1 60000000 60999999 6183.000000
mm1 61000000 61999999 2541.000000
mm1 62000000 62999999 3115.000000
mm1 63000000 63999999 2918.000000
mm1 64000000 64999999 2962.000000
mm1 65000000 65999999 3919.000000
mm1 66000000 66999999 9063.000000
mm1 68000000 68999999 735.000000
mm1 69000000 69999999 891.000000
mm1 70000000 70999999 1459.000000
mm1 71000000 71999999 1617.000000
mm1 72000000 72999999 5742.000000
mm1 73000000 73999999 1498.000000
mm1 74000000 74999999 3902.000000
mm1 75000000 75999999 16193.000000
mm1 76000000 76999999 818.000000
mm1 77000000 77999999 3162.000000
mm1 78000000 78999999 5804.000000
mm1 79000000 79999999 1745.000000
mm1 80000000 80999999 1358.000000
mm1 81000000 81999999 997.000000
mm1 82000000 82999999 915.000000
mm1 83000000 83999999 1985.000000
mm1 84000000 84999999 464.000000
mm1 88000000 88999999 2706.000000
mm1 89000000 89999999 12456.000000
mm1 90000000 90999999 4426.000000
mm1 91000000 91999999 1525.000000
mm1 92000000 92999999 640.000000
mm1 93000000 93999999 500.000000
mm1 94000000 94999999 9599.000000
mm1 95000000 95999999 16081.000000
mm1 96000000 96999999 2537.000000
mm1 98000000 98999999 2835.000000
mm1 99000000 99999999 420.000000
mm1 100000000 100999999 2562.000000
mm1 101000000 101999999 2365.000000
mm1 102000000 102999999 1728.000000
mm1 103000000 103999999 1599.000000
mm1 104000000 104999999 154.000000
mm1 105000000 105999999 292.000000
mm1 106000000 106999999 4615.000000
mm1 107000000 107999999 8931.000000
mm1 108000000 108999999 4850.000000
mm1 109000000 109999999 2076.000000
mm1 110000000 110999999 1322.000000
mm1 111000000 111999999 1947.000000
mm1 112000000 112999999 935.000000
mm1 113000000 113999999 3646.000000
mm1 114000000 114999999 1596.000000
mm1 117000000 117999999 695.000000
mm1 118000000 118999999 5474.000000
mm1 119000000 119999999 18937.000000
mm1 120000000 120999999 6048.000000
mm1 121000000 121999999 15529.000000
mm1 122000000 122999999 1316.000000
mm1 123000000 123999999 15792.000000
mm1 125000000 125999999 1629.000000
mm1 127000000 127999999 63.000000
mm1 128000000 128999999 899.000000
mm1 129000000 129999999 2646.000000
mm1 130000000 130999999 5349.000000
mm1 131000000 131999999 531.000000
mm1 133000000 133999999 17253.000000
mm1 134000000 134999999 7954.000000
mm1 135000000 135999999 12728.000000
mm1 136000000 136999999 35940.000000
mm1 137000000 137999999 25067.000000
mm1 138000000 138999999 4291.000000
mm1 139000000 139999999 1323.000000
mm1 140000000 140999999 3238.000000
mm1 141000000 141999999 1294.000000
mm1 142000000 142999999 685.000000
mm1 143000000 143999999 658.000000
mm1 144000000 144999999 1040.000000
mm1 145000000 145999999 890.000000
mm1 146000000 146999999 1239.000000
mm1 147000000 147999999 6687.000000
mm1 148000000 148999999 437.000000
mm1 149000000 149999999 1020.000000
mm1 150000000 150999999 822.000000
mm1 151000000 151999999 3025.000000
mm1 152000000 152999999 2347.000000
mm1 153000000 153999999 6447.000000
mm1 154000000 154999999 3174.000000
mm1 155000000 155999999 21196.000000
mm1 156000000 156999999 2919.000000
mm1 157000000 157999999 3555.000000
mm1 158000000 158999999 4015.000000
mm1 159000000 159999999 3796.000000
mm1 160000000 160999999 759.000000
mm1 161000000 161999999 1251.000000
mm1 162000000 162999999 843.000000
mm1 163000000 163999999 2973.000000
mm1 164000000 164999999 3102.000000
mm1 165000000 165999999 1653.000000
mm1 166000000 166999999 1061.000000
mm1 167000000 167999999 12748.000000
mm1 168000000 168999999 8698.000000
mm1 169000000 169999999 3084.000000
mm1 171000000 171999999 341.000000
mm1 172000000 172999999 2587.000000
mm1 173000000 173999999 29144.000000
mm1 174000000 174999999 15851.000000
mm1 175000000 175999999 10102.000000
mm1 176000000 176999999 16363.000000
mm1 177000000 177999999 535.000000
mm1 178000000 178999999 2182.000000
mm1 179000000 179999999 3303.000000
mm1 180000000 180999999 4309.000000
mm1 181000000 181999999 10466.000000
mm1 182000000 182999999 16464.000000
mm1 183000000 183999999 6632.000000
mm1 184000000 184999999 21860.000000
mm1 185000000 185999999 798.000000
mm1 186000000 186999999 29435.000000
mm1 187000000 187999999 855.000000
mm1 188000000 188999999 2773.000000
mm1 189000000 189999999 446.000000
mm1 190000000 190999999 2277.000000
mm1 191000000 191999999 2927.000000
mm1 192000000 192999999 1478.000000
mm1 193000000 193999999 15300.000000
mm1 194000000 194999999 899.000000
mm1 195000000 195999999 1481.000000
mm1 196000000 196999999 527.000000
mm1 197000000 197999999 3759.000000
