hs12 0 9999999 137243.000000
hs12 10000000 19999999 41816.000000
hs12 20000000 29999999 58888.000000
hs12 30000000 39999999 58584.000000
hs12 40000000 49999999 142869.000000
hs12 50000000 59999999 306767.000000
hs12 60000000 69999999 74277.000000
hs12 70000000 79999999 53511.000000
hs12 80000000 89999999 60152.000000
hs12 90000000 99999999 58972.000000
hs12 100000000 109999999 44431.000000
hs12 110000000 119999999 36261.000000
hs12 120000000 129999999 48286.000000
hs12 130000000 139999999 24713.000000
hs22 10000000 19999999 45386.000000
hs22 20000000 29999999 74093.000000
hs22 30000000 39999999 83457.000000
hs22 40000000 49999999 52085.000000
hs22 50000000 59999999 11878.000000
hs11 0 9999999 169902.000000
hs11 10000000 19999999 73880.000000
hs11 20000000 29999999 36752.000000
hs11 30000000 39999999 35453.000000
hs11 40000000 49999999 40306.000000
hs11 50000000 59999999 192943.000000
hs11 60000000 69999999 117787.000000
hs11 70000000 79999999 70960.000000
hs11 80000000 89999999 46230.000000
hs11 90000000 99999999 16046.000000
hs11 100000000 109999999 37750.000000
hs11 110000000 119999999 41740.000000
hs11 120000000 129999999 92592.000000
hs11 130000000 139999999 36752.000000
hs10 0 9999999 141894.000000
hs10 10000000 19999999 42585.000000
hs10 20000000 29999999 60890.000000
hs10 30000000 39999999 249348.000000
hs10 40000000 49999999 326865.000000
hs10 50000000 59999999 123554.000000
hs10 60000000 69999999 27073.000000
hs10 70000000 79999999 74990.000000
hs10 80000000 89999999 39462.000000
hs10 90000000 99999999 77076.000000
hs10 100000000 109999999 65328.000000
hs10 110000000 119999999 26516.000000
hs10 120000000 129999999 38072.000000
hs10 130000000 139999999 41085.000000
hs7 0 9999999 39535.000000
hs7 10000000 19999999 24588.000000
hs7 20000000 29999999 59594.000000
hs7 30000000 39999999 36122.000000
hs7 40000000 49999999 70775.000000
hs7 50000000 59999999 74480.000000
hs7 60000000 69999999 134624.000000
hs7 70000000 79999999 19342.000000
hs7 80000000 89999999 26480.000000
hs7 90000000 99999999 126016.000000
hs7 100000000 109999999 71390.000000
hs7 110000000 119999999 28867.000000
hs7 120000000 129999999 48799.000000
hs7 130000000 139999999 113803.000000
hs7 140000000 149999999 83387.000000
hs7 150000000 159999999 85906.000000
hs20 0 9999999 58302.000000
hs20 10000000 19999999 29119.000000
hs20 20000000 29999999 27914.000000
hs20 30000000 39999999 61114.000000
hs20 40000000 49999999 143277.000000
hs20 50000000 59999999 37558.000000
hs20 60000000 69999999 44767.000000
hs16 0 9999999 61099.000000
hs16 10000000 19999999 80928.000000
hs16 20000000 29999999 61778.000000
hs16 30000000 39999999 87403.000000
hs16 40000000 49999999 56023.000000
hs16 50000000 59999999 137284.000000
hs16 60000000 69999999 35207.000000
hs16 70000000 79999999 50563.000000
hs16 80000000 89999999 73888.000000
hs16 90000000 99999999 21342.000000
hs4 0 9999999 76028.000000
hs4 10000000 19999999 17453.000000
hs4 20000000 29999999 13967.000000
hs4 30000000 39999999 24408.000000
hs4 40000000 49999999 24145.000000
hs4 50000000 59999999 17596.000000
hs4 60000000 69999999 43390.000000
hs4 70000000 79999999 58822.000000
hs4 80000000 89999999 41007.000000
hs4 90000000 99999999 28579.000000
hs4 100000000 109999999 69193.000000
hs4 110000000 119999999 218829.000000
hs4 120000000 129999999 26503.000000
hs4 130000000 139999999 18490.000000
hs4 140000000 149999999 40014.000000
hs4 150000000 159999999 36662.000000
hs4 160000000 169999999 31304.000000
hs4 170000000 179999999 15895.000000
hs4 180000000 189999999 21917.000000
hs4 190000000 199999999 8223.000000
hs18 0 9999999 52070.000000
hs18 10000000 19999999 43141.000000
hs18 20000000 29999999 30435.000000
hs18 30000000 39999999 19266.000000
hs18 40000000 49999999 24619.000000
hs18 50000000 59999999 6999676.000000
hs18 60000000 69999999 226603.000000
hs18 70000000 79999999 13917.000000
hs13 10000000 19999999 19133.000000
hs13 20000000 29999999 73144.000000
hs13 30000000 39999999 24254.000000
hs13 40000000 49999999 56600.000000
hs13 50000000 59999999 44545.000000
hs13 60000000 69999999 18906.000000
hs13 70000000 79999999 26770.000000
hs13 80000000 89999999 8621.000000
hs13 90000000 99999999 58643.000000
hs13 100000000 109999999 348807.000000
hs13 110000000 119999999 39181.000000
hs3 0 9999999 45078.000000
hs3 10000000 19999999 87789.000000
hs3 20000000 29999999 22087.000000
hs3 30000000 39999999 88568.000000
hs3 40000000 49999999 103608.000000
hs3 50000000 59999999 152443.000000
hs3 60000000 69999999 15603.000000
hs3 70000000 79999999 24188.000000
hs3 80000000 89999999 34483.000000
hs3 90000000 99999999 35599.000000
hs3 100000000 109999999 34825.000000
hs3 110000000 119999999 25764.000000
hs3 120000000 129999999 112408.000000
hs3 130000000 139999999 44603.000000
hs3 140000000 149999999 90412.000000
hs3 150000000 159999999 21957.000000
hs3 160000000 169999999 34184.000000
hs3 170000000 179999999 40859.000000
hs3 180000000 189999999 47799.000000
hs3 190000000 199999999 27968.000000
hs9 0 9999999 47335.000000
hs9 10000000 19999999 16931.000000
hs9 20000000 29999999 23944.000000
hs9 30000000 39999999 79737.000000
hs9 40000000 49999999 44356.000000
hs9 60000000 69999999 31097.000000
hs9 70000000 79999999 28301.000000
hs9 80000000 89999999 32885.000000
hs9 90000000 99999999 133325.000000
hs9 100000000 109999999 53380.000000
hs9 110000000 119999999 65480.000000
hs9 120000000 129999999 139308.000000
hs9 130000000 139999999 235026.000000
hs9 140000000 149999999 37491.000000
hs15 20000000 29999999 72412.000000
hs15 30000000 39999999 86669.000000
hs15 40000000 49999999 123660.000000
hs15 50000000 59999999 34365.000000
hs15 60000000 69999999 96353.000000
hs15 70000000 79999999 75564.000000
hs15 80000000 89999999 36723.000000
hs15 90000000 99999999 48397.000000
hs15 100000000 109999999 31447.000000
hs5 0 9999999 24864.000000
hs5 10000000 19999999 27280.000000
hs5 20000000 29999999 32922.000000
hs5 30000000 39999999 35763.000000
hs5 40000000 49999999 17384.000000
hs5 50000000 59999999 50104.000000
hs5 60000000 69999999 84948.000000
hs5 70000000 79999999 85742.000000
hs5 80000000 89999999 23674.000000
hs5 90000000 99999999 3297877.000000
hs5 100000000 109999999 995969.000000
hs5 110000000 119999999 23028.000000
hs5 120000000 129999999 29337.000000
hs5 130000000 139999999 52342.000000
hs5 140000000 149999999 31739.000000
hs5 150000000 159999999 45431.000000
hs5 160000000 169999999 8240.000000
hs5 170000000 179999999 115850.000000
hs5 180000000 189999999 47240.000000
hs19 0 9999999 141123.000000
hs19 10000000 19999999 233178.000000
hs19 20000000 29999999 323106.000000
hs19 30000000 39999999 157659.000000
hs19 40000000 49999999 189983.000000
hs19 50000000 59999999 279085.000000
hs1 0 9999999 169033.000000
hs1 10000000 19999999 187971.000000
hs1 20000000 29999999 119255.000000
hs1 30000000 39999999 170867.000000
hs1 40000000 49999999 100273.000000
hs1 50000000 59999999 46780.000000
hs1 60000000 69999999 21928.000000
hs1 70000000 79999999 16639.000000
hs1 80000000 89999999 29200.000000
hs1 90000000 99999999 45994.000000
hs1 100000000 109999999 45733.000000
hs1 110000000 119999999 209045.000000
hs1 120000000 129999999 214579.000000
hs1 140000000 149999999 288729.000000
hs1 150000000 159999999 49126507.000000
hs1 160000000 169999999 249174.000000
hs1 170000000 179999999 113108.000000
hs1 180000000 189999999 79024.000000
hs1 190000000 199999999 331093.000000
hs1 200000000 209999999 20433983.000000
hs1 210000000 219999999 83520.000000
hs1 220000000 229999999 1782238.000000
hs1 230000000 239999999 61209.000000
hs1 240000000 249999999 6961719.000000
hs2 0 9999999 43906.000000
hs2 10000000 19999999 20678.000000
hs2 20000000 29999999 69277.000000
hs2 30000000 39999999 38213.000000
hs2 40000000 49999999 56906.000000
hs2 50000000 59999999 26319.000000
hs2 60000000 69999999 29021.000000
hs2 70000000 79999999 57956.000000
hs2 80000000 89999999 65804.000000
hs2 90000000 99999999 9800729.000000
hs2 100000000 109999999 124987.000000
hs2 110000000 119999999 8211407.000000
hs2 120000000 129999999 5151069.000000
hs2 130000000 139999999 6300444.000000
hs2 140000000 149999999 18383.000000
hs2 150000000 159999999 25017.000000
hs2 160000000 169999999 34310.000000
hs2 170000000 179999999 49857.000000
hs2 180000000 189999999 1517781.000000
hs2 190000000 199999999 52244335.000000
hs2 200000000 209999999 239412.000000
hs2 210000000 219999999 95504.000000
hs2 220000000 229999999 105534.000000
hs2 230000000 239999999 556709.000000
hs2 240000000 249999999 174630.000000
hs8 0 9999999 72294.000000
hs8 10000000 19999999 40885.000000
hs8 20000000 29999999 34031.000000
hs8 30000000 39999999 48300.000000
hs8 40000000 49999999 35156.000000
hs8 50000000 59999999 4857978.000000
hs8 60000000 69999999 8799939.000000
hs8 70000000 79999999 160306.000000
hs8 80000000 89999999 26628.000000
hs8 90000000 99999999 59980.000000
hs8 100000000 109999999 70539.000000
hs8 110000000 119999999 31559.000000
hs8 120000000 129999999 15951.000000
hs8 130000000 139999999 18080.000000
hs8 140000000 149999999 48853.000000
hs6 0 9999999 73173.000000
hs6 10000000 19999999 30202.000000
hs6 20000000 29999999 94865.000000
hs6 30000000 39999999 127970.000000
hs6 40000000 49999999 2872645.000000
hs6 50000000 59999999 17849109.000000
hs6 60000000 69999999 208137.000000
hs6 70000000 79999999 69433.000000
hs6 80000000 89999999 68580.000000
hs6 90000000 99999999 26525.000000
hs6 100000000 109999999 26806.000000
hs6 110000000 119999999 40548.000000
hs6 120000000 129999999 24886.000000
hs6 130000000 139999999 41810.000000
hs6 140000000 149999999 20843.000000
hs6 150000000 159999999 45432.000000
hs6 160000000 169999999 38739.000000
hs6 170000000 179999999 36537.000000
hs17 0 9999999 125682.000000
hs17 10000000 19999999 95760.000000
hs17 20000000 29999999 89346.000000
hs17 30000000 39999999 108095.000000
hs17 40000000 49999999 139159.000000
hs17 50000000 59999999 40855.000000
hs17 60000000 69999999 73774.000000
hs17 70000000 79999999 69300.000000
hs17 80000000 89999999 6508.000000
hs14 10000000 19999999 17960.000000
hs14 20000000 29999999 102256.000000
hs14 30000000 39999999 67600.000000
hs14 40000000 49999999 16457.000000
hs14 50000000 59999999 42838.000000
hs14 60000000 69999999 73538.000000
hs14 70000000 79999999 78060.000000
hs14 80000000 89999999 25216.000000
hs14 90000000 99999999 46308.000000
hs14 100000000 109999999 86085.000000
hs21 0 9999999 6072.000000
hs21 10000000 19999999 28612.000000
hs21 20000000 29999999 22621.000000
hs21 30000000 39999999 24641.000000
hs21 40000000 49999999 33459.000000
