mm1 3000000 3999999 268.000000
mm1 4000000 4999999 14089.000000
mm1 5000000 5999999 754.000000
mm1 6000000 6999999 6805.000000
mm1 7000000 7999999 57296.000000
mm1 8000000 8999999 1647.000000
mm1 9000000 9999999 5973.000000
mm1 10000000 10999999 5117.000000
mm1 11000000 11999999 2076.000000
mm1 12000000 12999999 3775.000000
mm1 13000000 13999999 5086.000000
mm1 14000000 14999999 2213.000000
mm1 15000000 15999999 3534.000000
mm1 16000000 16999999 5195.000000
mm1 17000000 17999999 4016.000000
mm1 18000000 18999999 1669.000000
mm1 19000000 19999999 1455.000000
mm1 20000000 20999999 3328.000000
mm1 21000000 21999999 174.000000
mm1 22000000 22999999 4907.000000
mm1 23000000 23999999 4299.000000
mm1 24000000 24999999 9162.000000
mm1 25000000 25999999 1728.000000
mm1 26000000 26999999 1204.000000
mm1 27000000 27999999 543.000000
mm1 28000000 28999999 504.000000
mm1 29000000 29999999 3487.000000
mm1 30000000 30999999 5568.000000
mm1 31000000 31999999 6590.000000
mm1 32000000 32999999 1318.000000
mm1 33000000 33999999 6845.000000
mm1 34000000 34999999 5287.000000
mm1 35000000 35999999 299.000000
mm1 36000000 36999999 5810.000000
mm1 37000000 37999999 2567.000000
mm1 38000000 38999999 3742.000000
mm1 39000000 39999999 5914.000000
mm1 40000000 40999999 2391.000000
mm1 42000000 42999999 1703.000000
mm1 43000000 43999999 5069.000000
mm1 44000000 44999999 5609.000000
mm1 45000000 45999999 45113.000000
mm1 46000000 46999999 5316.000000
mm1 47000000 47999999 5107.000000
mm1 48000000 48999999 3677.000000
mm1 49000000 49999999 3613.000000
mm1 50000000 50999999 2949.000000
mm1 51000000 51999999 2266.000000
mm1 52000000 52999999 5971.000000
mm1 53000000 53999999 12164.000000
mm1 54000000 54999999 995.000000
mm1 55000000 55999999 5882.000000
mm1 56000000 56999999 661.000000
mm1 57000000 57999999 2292.000000
mm1 58000000 58999999 25035.000000
mm1 59000000 59999999 18672.000000
mm1 60000000 60999999 7069.000000
mm1 61000000 61999999 3316.000000
mm1 62000000 62999999 2491.000000
mm1 63000000 63999999 7923.000000
mm1 64000000 64999999 3973.000000
mm1 65000000 65999999 6467.000000
mm1 66000000 66999999 3576.000000
mm1 67000000 67999999 972.000000
mm1 68000000 68999999 3617.000000
mm1 69000000 69999999 2431.000000
mm1 70000000 70999999 1873.000000
mm1 71000000 71999999 7167.000000
mm1 72000000 72999999 7510.000000
mm1 73000000 73999999 3339.000000
mm1 74000000 74999999 7487.000000
mm1 75000000 75999999 38056.000000
mm1 76000000 76999999 991.000000
mm1 77000000 77999999 18827.000000
mm1 78000000 78999999 2014.000000
mm1 79000000 79999999 4890.000000
mm1 80000000 80999999 1259.000000
mm1 81000000 81999999 1141.000000
mm1 82000000 82999999 1717.000000
mm1 83000000 83999999 15457.000000
mm1 84000000 84999999 564.000000
mm1 85000000 85999999 715.000000
mm1 87000000 87999999 243.000000
mm1 88000000 88999999 12697.000000
mm1 89000000 89999999 14182.000000
mm1 90000000 90999999 4436.000000
mm1 91000000 91999999 18412.000000
mm1 92000000 92999999 811.000000
mm1 93000000 93999999 3624.000000
mm1 94000000 94999999 11235.000000
mm1 95000000 95999999 5576.000000
mm1 96000000 96999999 381.000000
mm1 97000000 97999999 579.000000
mm1 98000000 98999999 1847.000000
mm1 99000000 99999999 1267.000000
mm1 100000000 100999999 2561.000000
mm1 101000000 101999999 1881.000000
mm1 102000000 102999999 2398.000000
mm1 103000000 103999999 839.000000
mm1 104000000 104999999 431.000000
mm1 105000000 105999999 427.000000
mm1 106000000 106999999 1619.000000
mm1 107000000 107999999 53154.000000
mm1 108000000 108999999 1343.000000
mm1 109000000 109999999 453.000000
mm1 110000000 110999999 412.000000
mm1 111000000 111999999 1937.000000
mm1 112000000 112999999 149.000000
mm1 113000000 113999999 728.000000
mm1 114000000 114999999 1555.000000
mm1 117000000 117999999 2235.000000
mm1 118000000 118999999 8471.000000
mm1 119000000 119999999 28401.000000
mm1 120000000 120999999 40722.000000
mm1 121000000 121999999 14036.000000
mm1 122000000 122999999 5653.000000
mm1 123000000 123999999 3356.000000
mm1 124000000 124999999 1594.000000
mm1 125000000 125999999 4356.000000
mm1 126000000 126999999 854.000000
mm1 127000000 127999999 7910.000000
mm1 128000000 128999999 905.000000
mm1 129000000 129999999 3146.000000
mm1 130000000 130999999 6480.000000
mm1 131000000 131999999 3162.000000
mm1 132000000 132999999 1770.000000
mm1 133000000 133999999 17712.000000
mm1 134000000 134999999 9162.000000
mm1 135000000 135999999 1320.000000
mm1 136000000 136999999 9250.000000
mm1 137000000 137999999 2782.000000
mm1 138000000 138999999 2850.000000
mm1 139000000 139999999 2839.000000
mm1 140000000 140999999 2372.000000
mm1 141000000 141999999 1298.000000
mm1 142000000 142999999 144.000000
mm1 144000000 144999999 2627.000000
mm1 145000000 145999999 2103.000000
mm1 146000000 146999999 662.000000
mm1 147000000 147999999 3163.000000
mm1 148000000 148999999 959.000000
mm1 149000000 149999999 259.000000
mm1 150000000 150999999 109.000000
mm1 151000000 151999999 1173.000000
mm1 152000000 152999999 1666.000000
mm1 153000000 153999999 4509.000000
mm1 154000000 154999999 8971.000000
mm1 155000000 155999999 2658.000000
mm1 156000000 156999999 2204.000000
mm1 157000000 157999999 3005.000000
mm1 158000000 158999999 5752.000000
mm1 159000000 159999999 3001.000000
mm1 160000000 160999999 665.000000
mm1 161000000 161999999 1613.000000
mm1 162000000 162999999 4312.000000
mm1 163000000 163999999 4579.000000
mm1 164000000 164999999 1714.000000
mm1 165000000 165999999 1116.000000
mm1 166000000 166999999 1361.000000
mm1 167000000 167999999 23533.000000
mm1 168000000 168999999 1634.000000
mm1 169000000 169999999 2417.000000
mm1 171000000 171999999 3044.000000
mm1 172000000 172999999 2001.000000
mm1 173000000 173999999 11322.000000
mm1 174000000 174999999 3265.000000
mm1 175000000 175999999 10372.000000
mm1 176000000 176999999 19164.000000
mm1 178000000 178999999 2179.000000
mm1 179000000 179999999 2164.000000
mm1 180000000 180999999 1206.000000
mm1 181000000 181999999 3199.000000
mm1 182000000 182999999 4869.000000
mm1 183000000 183999999 2174.000000
mm1 184000000 184999999 3822.000000
mm1 185000000 185999999 350.000000
mm1 186000000 186999999 4957.000000
mm1 187000000 187999999 126.000000
mm1 188000000 188999999 3540.000000
mm1 191000000 191999999 613.000000
mm1 192000000 192999999 1206.000000
mm1 193000000 193999999 8529.000000
mm1 194000000 194999999 5206.000000
mm1 195000000 195999999 4469.000000
mm1 196000000 196999999 21837.000000
