rn1 0 999999 20059.000000
rn1 1000000 1999999 13804.000000
rn1 2000000 2999999 5635.000000
rn1 3000000 3999999 4056.000000
rn1 4000000 4999999 9419.000000
rn1 5000000 5999999 6477.000000
rn1 6000000 6999999 4780.000000
rn1 7000000 7999999 6012.000000
rn1 8000000 8999999 1733.000000
rn1 9000000 9999999 1640.000000
rn1 10000000 10999999 2188.000000
rn1 11000000 11999999 2678.000000
rn1 12000000 12999999 3860.000000
rn1 13000000 13999999 9154.000000
rn1 14000000 14999999 2682.000000
rn1 15000000 15999999 2280.000000
rn1 16000000 16999999 6940.000000
rn1 17000000 17999999 4096.000000
rn1 18000000 18999999 3869.000000
rn1 19000000 19999999 2229.000000
rn1 20000000 20999999 2731.000000
rn1 21000000 21999999 664.000000
rn1 22000000 22999999 5992.000000
rn1 23000000 23999999 5676.000000
rn1 24000000 24999999 5717.000000
rn1 25000000 25999999 348.000000
rn1 26000000 26999999 4920.000000
rn1 27000000 27999999 3155.000000
rn1 28000000 28999999 2680.000000
rn1 29000000 29999999 38822.000000
rn1 30000000 30999999 17632.000000
rn1 31000000 31999999 876.000000
rn1 32000000 32999999 1743.000000
rn1 33000000 33999999 1016.000000
rn1 34000000 34999999 2866.000000
rn1 35000000 35999999 2610.000000
rn1 36000000 36999999 2589.000000
rn1 37000000 37999999 3106.000000
rn1 38000000 38999999 1762.000000
rn1 39000000 39999999 538.000000
rn1 40000000 40999999 1031.000000
rn1 41000000 41999999 4704.000000
rn1 42000000 42999999 5541.000000
rn1 43000000 43999999 1416.000000
rn1 44000000 44999999 1391.000000
rn1 45000000 45999999 4070.000000
rn1 46000000 46999999 3057.000000
rn1 47000000 47999999 4809.000000
rn1 48000000 48999999 9030.000000
rn1 49000000 49999999 11014.000000
rn1 50000000 50999999 16510.000000
rn1 51000000 51999999 19466.000000
rn1 52000000 52999999 17484.000000
rn1 53000000 53999999 636.000000
rn1 54000000 54999999 5108.000000
rn1 55000000 55999999 2761.000000
rn1 56000000 56999999 10782.000000
rn1 57000000 57999999 22981.000000
rn1 58000000 58999999 13253.000000
rn1 59000000 59999999 13459.000000
rn1 60000000 60999999 13532.000000
rn1 61000000 61999999 17981.000000
rn1 62000000 62999999 22488.000000
rn1 63000000 63999999 15122.000000
rn1 64000000 64999999 18541.000000
rn1 65000000 65999999 27141.000000
rn1 66000000 66999999 5184.000000
rn1 67000000 67999999 19183.000000
rn1 68000000 68999999 167.000000
rn1 69000000 69999999 2702.000000
rn1 70000000 70999999 22659.000000
rn1 71000000 71999999 8778.000000
rn1 72000000 72999999 17423.000000
rn1 73000000 73999999 10152.000000
rn1 74000000 74999999 1491.000000
rn1 75000000 75999999 482.000000
rn1 76000000 76999999 6436.000000
rn1 77000000 77999999 2665.000000
rn1 78000000 78999999 17488.000000
rn1 79000000 79999999 22160.000000
rn1 80000000 80999999 19842.000000
rn1 81000000 81999999 2431.000000
rn1 82000000 82999999 10834.000000
rn1 83000000 83999999 14503.000000
rn1 84000000 84999999 28289.000000
rn1 85000000 85999999 19162.000000
rn1 86000000 86999999 17575.000000
rn1 87000000 87999999 3184.000000
rn1 88000000 88999999 1529.000000
rn1 89000000 89999999 1912.000000
rn1 90000000 90999999 10117.000000
rn1 91000000 91999999 3584.000000
rn1 92000000 92999999 6543.000000
rn1 93000000 93999999 13948.000000
rn1 94000000 94999999 6556.000000
rn1 95000000 95999999 22720.000000
rn1 96000000 96999999 1370.000000
rn1 97000000 97999999 2568.000000
rn1 98000000 98999999 6580.000000
rn1 99000000 99999999 4259.000000
rn1 100000000 100999999 2173.000000
rn1 101000000 101999999 3625.000000
rn1 102000000 102999999 7909.000000
rn1 103000000 103999999 4845.000000
rn1 104000000 104999999 596.000000
rn1 106000000 106999999 11170.000000
rn1 107000000 107999999 15747.000000
rn1 108000000 108999999 6084.000000
rn1 109000000 109999999 7639.000000
rn1 110000000 110999999 1326.000000
rn1 111000000 111999999 9656.000000
rn1 112000000 112999999 3534.000000
rn1 113000000 113999999 12404.000000
rn1 114000000 114999999 1352.000000
rn1 116000000 116999999 6248.000000
rn1 118000000 118999999 7590.000000
rn1 119000000 119999999 4350.000000
rn1 120000000 120999999 1460.000000
rn1 121000000 121999999 2533.000000
rn1 122000000 122999999 5854.000000
rn1 123000000 123999999 1195.000000
rn1 124000000 124999999 2375.000000
rn1 125000000 125999999 2497.000000
rn1 126000000 126999999 523.000000
rn1 128000000 128999999 941.000000
rn1 129000000 129999999 261.000000
rn1 130000000 130999999 5468.000000
rn1 131000000 131999999 6519.000000
rn1 132000000 132999999 1204.000000
rn1 133000000 133999999 749.000000
rn1 134000000 134999999 1760.000000
rn1 135000000 135999999 809.000000
rn1 136000000 136999999 13879.000000
rn1 137000000 137999999 8220.000000
rn1 138000000 138999999 2024.000000
rn1 139000000 139999999 1686.000000
rn1 140000000 140999999 623.000000
rn1 141000000 141999999 9758.000000
rn1 142000000 142999999 26364.000000
rn1 143000000 143999999 2055.000000
rn1 144000000 144999999 3165.000000
rn1 145000000 145999999 423.000000
rn1 146000000 146999999 3268.000000
rn1 147000000 147999999 2780.000000
rn1 148000000 148999999 2159.000000
rn1 149000000 149999999 8803.000000
rn1 150000000 150999999 4836.000000
rn1 151000000 151999999 3325.000000
rn1 152000000 152999999 4063.000000
rn1 153000000 153999999 1002.000000
rn1 154000000 154999999 1415.000000
rn1 155000000 155999999 27004.000000
rn1 156000000 156999999 11353.000000
rn1 157000000 157999999 6779.000000
rn1 158000000 158999999 10428.000000
rn1 159000000 159999999 6355.000000
rn1 160000000 160999999 14973.000000
rn1 161000000 161999999 22626.000000
rn1 162000000 162999999 16802.000000
rn1 163000000 163999999 12199.000000
rn1 164000000 164999999 26701.000000
rn1 165000000 165999999 35781.000000
rn1 166000000 166999999 20029.000000
rn1 167000000 167999999 4807.000000
rn1 168000000 168999999 5656.000000
rn1 169000000 169999999 1018.000000
rn1 170000000 170999999 1074.000000
rn1 171000000 171999999 5187.000000
rn1 172000000 172999999 2477.000000
rn1 173000000 173999999 443.000000
rn1 174000000 174999999 3304.000000
rn1 175000000 175999999 1582.000000
rn1 176000000 176999999 8698.000000
rn1 177000000 177999999 1557.000000
rn1 178000000 178999999 9757.000000
rn1 179000000 179999999 38014.000000
rn1 180000000 180999999 12481.000000
rn1 181000000 181999999 4341.000000
rn1 182000000 182999999 2425.000000
rn1 183000000 183999999 4363.000000
rn1 184000000 184999999 75.000000
rn1 185000000 185999999 9786.000000
rn1 186000000 186999999 15110.000000
rn1 187000000 187999999 4559.000000
rn1 188000000 188999999 6752.000000
rn1 189000000 189999999 4998.000000
rn1 190000000 190999999 1782.000000
rn1 191000000 191999999 4869.000000
rn1 192000000 192999999 3129.000000
rn1 193000000 193999999 792.000000
rn1 194000000 194999999 400.000000
rn1 195000000 195999999 1746.000000
rn1 196000000 196999999 592.000000
rn1 197000000 197999999 985.000000
rn1 198000000 198999999 10985.000000
rn1 199000000 199999999 4430.000000
rn1 200000000 200999999 25108.000000
rn1 201000000 201999999 9497.000000
rn1 202000000 202999999 2375.000000
rn1 203000000 203999999 7616.000000
rn1 204000000 204999999 3798.000000
rn1 205000000 205999999 1565.000000
rn1 206000000 206999999 8799.000000
rn1 207000000 207999999 3065.000000
rn1 208000000 208999999 7108.000000
rn1 209000000 209999999 20380.000000
rn1 210000000 210999999 3702.000000
rn1 211000000 211999999 27142.000000
rn1 212000000 212999999 9211.000000
rn1 213000000 213999999 5116.000000
rn1 214000000 214999999 10537.000000
rn1 215000000 215999999 17190.000000
rn1 216000000 216999999 43942.000000
rn1 217000000 217999999 3867.000000
rn1 218000000 218999999 1714.000000
rn1 219000000 219999999 20754.000000
rn1 220000000 220999999 11257.000000
rn1 221000000 221999999 470.000000
rn1 222000000 222999999 5755.000000
rn1 223000000 223999999 3049.000000
rn1 224000000 224999999 5185.000000
rn1 225000000 225999999 2417.000000
rn1 226000000 226999999 4890.000000
rn1 227000000 227999999 3363.000000
rn1 228000000 228999999 6388.000000
rn1 229000000 229999999 3537.000000
rn1 230000000 230999999 755.000000
rn1 231000000 231999999 1835.000000
rn1 232000000 232999999 12534.000000
rn1 233000000 233999999 6900.000000
rn1 234000000 234999999 2023.000000
rn1 235000000 235999999 1137.000000
rn1 236000000 236999999 1644.000000
rn1 237000000 237999999 830.000000
rn1 238000000 238999999 3474.000000
rn1 239000000 239999999 4761.000000
rn1 240000000 240999999 7841.000000
rn1 241000000 241999999 6239.000000
rn1 242000000 242999999 4176.000000
rn1 243000000 243999999 577.000000
rn1 244000000 244999999 251.000000
rn1 245000000 245999999 11199.000000
rn1 246000000 246999999 431.000000
rn1 247000000 247999999 1598.000000
rn1 248000000 248999999 2733.000000
rn1 249000000 249999999 2645.000000
rn1 250000000 250999999 3032.000000
rn1 251000000 251999999 9109.000000
rn1 252000000 252999999 12298.000000
rn1 253000000 253999999 15552.000000
rn1 254000000 254999999 1145.000000
rn1 255000000 255999999 3105.000000
rn1 256000000 256999999 634.000000
rn1 257000000 257999999 1819.000000
rn1 258000000 258999999 4787.000000
rn1 259000000 259999999 15137.000000
rn1 260000000 260999999 1012.000000
rn1 261000000 261999999 225.000000
rn1 262000000 262999999 1013.000000
rn1 263000000 263999999 1604.000000
rn1 264000000 264999999 2987.000000
rn1 265000000 265999999 922.000000
rn1 266000000 266999999 2009.000000
rn1 267000000 267999999 18935.000000
