rn1 0 999999 18947.000000
rn1 1000000 1999999 16175.000000
rn1 2000000 2999999 1853.000000
rn1 3000000 3999999 2920.000000
rn1 4000000 4999999 2688.000000
rn1 5000000 5999999 2975.000000
rn1 6000000 6999999 9612.000000
rn1 7000000 7999999 3262.000000
rn1 9000000 9999999 447.000000
rn1 10000000 10999999 1110.000000
rn1 11000000 11999999 3243.000000
rn1 12000000 12999999 1350.000000
rn1 13000000 13999999 4120.000000
rn1 14000000 14999999 1899.000000
rn1 15000000 15999999 912.000000
rn1 16000000 16999999 8985.000000
rn1 17000000 17999999 4205.000000
rn1 18000000 18999999 2004.000000
rn1 19000000 19999999 3126.000000
rn1 20000000 20999999 5103.000000
rn1 21000000 21999999 1637.000000
rn1 22000000 22999999 2586.000000
rn1 23000000 23999999 2395.000000
rn1 24000000 24999999 4536.000000
rn1 25000000 25999999 862.000000
rn1 26000000 26999999 2612.000000
rn1 27000000 27999999 1686.000000
rn1 28000000 28999999 4144.000000
rn1 29000000 29999999 11122.000000
rn1 30000000 30999999 513.000000
rn1 31000000 31999999 1343.000000
rn1 32000000 32999999 1346.000000
rn1 33000000 33999999 897.000000
rn1 34000000 34999999 13372.000000
rn1 35000000 35999999 4179.000000
rn1 36000000 36999999 774.000000
rn1 37000000 37999999 1138.000000
rn1 38000000 38999999 2100.000000
rn1 40000000 40999999 1505.000000
rn1 41000000 41999999 690.000000
rn1 42000000 42999999 2997.000000
rn1 43000000 43999999 760.000000
rn1 44000000 44999999 1788.000000
rn1 45000000 45999999 4645.000000
rn1 46000000 46999999 2878.000000
rn1 47000000 47999999 6617.000000
rn1 48000000 48999999 2310.000000
rn1 49000000 49999999 21451.000000
rn1 53000000 53999999 1517.000000
rn1 54000000 54999999 11607.000000
rn1 55000000 55999999 2688.000000
rn1 56000000 56999999 4979.000000
rn1 57000000 57999999 11834.000000
rn1 58000000 58999999 8177.000000
rn1 59000000 59999999 26597.000000
rn1 60000000 60999999 18971.000000
rn1 61000000 61999999 32797.000000
rn1 62000000 62999999 31939.000000
rn1 63000000 63999999 14253.000000
rn1 64000000 64999999 15027.000000
rn1 65000000 65999999 34740.000000
rn1 66000000 66999999 6011.000000
rn1 67000000 67999999 7701.000000
rn1 68000000 68999999 3320.000000
rn1 69000000 69999999 1614.000000
rn1 70000000 70999999 21769.000000
rn1 71000000 71999999 9994.000000
rn1 72000000 72999999 18660.000000
rn1 73000000 73999999 14043.000000
rn1 74000000 74999999 10872.000000
rn1 75000000 75999999 5161.000000
rn1 76000000 76999999 4349.000000
rn1 77000000 77999999 4445.000000
rn1 78000000 78999999 7315.000000
rn1 79000000 79999999 16701.000000
rn1 80000000 80999999 11204.000000
rn1 81000000 81999999 3564.000000
rn1 82000000 82999999 5533.000000
rn1 83000000 83999999 11965.000000
rn1 84000000 84999999 17406.000000
rn1 85000000 85999999 15955.000000
rn1 86000000 86999999 8776.000000
rn1 87000000 87999999 6501.000000
rn1 88000000 88999999 1598.000000
rn1 90000000 90999999 6037.000000
rn1 91000000 91999999 2735.000000
rn1 92000000 92999999 534.000000
rn1 93000000 93999999 25537.000000
rn1 94000000 94999999 14905.000000
rn1 95000000 95999999 10028.000000
rn1 96000000 96999999 1780.000000
rn1 97000000 97999999 22950.000000
rn1 98000000 98999999 1732.000000
rn1 99000000 99999999 409.000000
rn1 100000000 100999999 2999.000000
rn1 101000000 101999999 3556.000000
rn1 102000000 102999999 4980.000000
rn1 106000000 106999999 9540.000000
rn1 107000000 107999999 3581.000000
rn1 108000000 108999999 1412.000000
rn1 109000000 109999999 3627.000000
rn1 110000000 110999999 864.000000
rn1 111000000 111999999 2169.000000
rn1 114000000 114999999 1039.000000
rn1 116000000 116999999 5377.000000
rn1 117000000 117999999 3040.000000
rn1 118000000 118999999 20201.000000
rn1 119000000 119999999 12436.000000
rn1 120000000 120999999 10320.000000
rn1 121000000 121999999 2691.000000
rn1 122000000 122999999 4236.000000
rn1 123000000 123999999 716.000000
rn1 124000000 124999999 2818.000000
rn1 125000000 125999999 3344.000000
rn1 126000000 126999999 94.000000
rn1 127000000 127999999 1176.000000
rn1 128000000 128999999 2306.000000
rn1 129000000 129999999 105.000000
rn1 130000000 130999999 1131.000000
rn1 131000000 131999999 9188.000000
rn1 132000000 132999999 1817.000000
rn1 133000000 133999999 1500.000000
rn1 134000000 134999999 3602.000000
rn1 135000000 135999999 4232.000000
rn1 136000000 136999999 6485.000000
rn1 137000000 137999999 4501.000000
rn1 138000000 138999999 8194.000000
rn1 139000000 139999999 4530.000000
rn1 140000000 140999999 18285.000000
rn1 141000000 141999999 17925.000000
rn1 142000000 142999999 33761.000000
rn1 143000000 143999999 5838.000000
rn1 144000000 144999999 2278.000000
rn1 145000000 145999999 1324.000000
rn1 146000000 146999999 3991.000000
rn1 147000000 147999999 3479.000000
rn1 148000000 148999999 420.000000
rn1 149000000 149999999 4538.000000
rn1 150000000 150999999 5540.000000
rn1 151000000 151999999 4374.000000
rn1 152000000 152999999 589.000000
rn1 153000000 153999999 908.000000
rn1 154000000 154999999 2269.000000
rn1 155000000 155999999 6674.000000
rn1 156000000 156999999 5696.000000
rn1 157000000 157999999 9240.000000
rn1 158000000 158999999 2555.000000
rn1 159000000 159999999 7319.000000
rn1 160000000 160999999 29953.000000
rn1 161000000 161999999 36739.000000
rn1 162000000 162999999 38793.000000
rn1 163000000 163999999 17656.000000
rn1 164000000 164999999 32902.000000
rn1 165000000 165999999 33994.000000
rn1 166000000 166999999 36662.000000
rn1 167000000 167999999 2992.000000
rn1 168000000 168999999 5038.000000
rn1 169000000 169999999 1185.000000
rn1 170000000 170999999 2364.000000
rn1 171000000 171999999 2726.000000
rn1 172000000 172999999 3938.000000
rn1 174000000 174999999 253.000000
rn1 175000000 175999999 1752.000000
rn1 176000000 176999999 7152.000000
rn1 177000000 177999999 2373.000000
rn1 178000000 178999999 745.000000
rn1 179000000 179999999 71669.000000
rn1 180000000 180999999 1276.000000
rn1 181000000 181999999 3220.000000
rn1 182000000 182999999 2660.000000
rn1 183000000 183999999 599.000000
rn1 185000000 185999999 10779.000000
rn1 186000000 186999999 27107.000000
rn1 187000000 187999999 5323.000000
rn1 188000000 188999999 2876.000000
rn1 189000000 189999999 1530.000000
rn1 190000000 190999999 2310.000000
rn1 191000000 191999999 1264.000000
rn1 192000000 192999999 3903.000000
rn1 193000000 193999999 1247.000000
rn1 194000000 194999999 131.000000
rn1 195000000 195999999 2295.000000
rn1 196000000 196999999 188.000000
rn1 197000000 197999999 19155.000000
rn1 198000000 198999999 8697.000000
rn1 199000000 199999999 2721.000000
rn1 200000000 200999999 26490.000000
rn1 201000000 201999999 4600.000000
rn1 202000000 202999999 2037.000000
rn1 203000000 203999999 118.000000
rn1 204000000 204999999 3817.000000
rn1 205000000 205999999 2176.000000
rn1 206000000 206999999 2818.000000
rn1 207000000 207999999 23450.000000
rn1 208000000 208999999 2995.000000
rn1 209000000 209999999 3447.000000
rn1 210000000 210999999 1766.000000
rn1 211000000 211999999 5574.000000
rn1 212000000 212999999 5676.000000
rn1 213000000 213999999 974.000000
rn1 214000000 214999999 28321.000000
rn1 215000000 215999999 17044.000000
rn1 216000000 216999999 42480.000000
rn1 217000000 217999999 11277734.000000
rn1 218000000 218999999 4279.000000
rn1 219000000 219999999 16218.000000
rn1 220000000 220999999 3307.000000
rn1 221000000 221999999 3823.000000
rn1 222000000 222999999 9514.000000
rn1 223000000 223999999 110154.000000
rn1 224000000 224999999 12855.000000
rn1 225000000 225999999 3460.000000
rn1 226000000 226999999 21212.000000
rn1 227000000 227999999 7839.000000
rn1 228000000 228999999 5703158.000000
rn1 229000000 229999999 9506.000000
rn1 230000000 230999999 49037.000000
rn1 231000000 231999999 2003.000000
rn1 232000000 232999999 18729.000000
rn1 233000000 233999999 12362.000000
rn1 234000000 234999999 1513.000000
rn1 235000000 235999999 214.000000
rn1 236000000 236999999 50373.000000
rn1 237000000 237999999 988.000000
rn1 238000000 238999999 4673.000000
rn1 239000000 239999999 1153.000000
rn1 240000000 240999999 1464.000000
rn1 241000000 241999999 4851.000000
rn1 242000000 242999999 1027.000000
rn1 243000000 243999999 106.000000
rn1 245000000 245999999 5888.000000
rn1 246000000 246999999 1467.000000
rn1 247000000 247999999 1125.000000
rn1 248000000 248999999 125.000000
rn1 249000000 249999999 3174.000000
rn1 250000000 250999999 2273.000000
rn1 251000000 251999999 10687.000000
rn1 252000000 252999999 7167.000000
rn1 253000000 253999999 1864.000000
rn1 254000000 254999999 1157.000000
rn1 255000000 255999999 2919.000000
rn1 256000000 256999999 633.000000
rn1 257000000 257999999 1115.000000
rn1 258000000 258999999 4211.000000
rn1 259000000 259999999 12849.000000
rn1 260000000 260999999 359.000000
rn1 261000000 261999999 4713.000000
rn1 262000000 262999999 910.000000
rn1 263000000 263999999 1474.000000
rn1 264000000 264999999 691.000000
rn1 265000000 265999999 899.000000
rn1 266000000 266999999 2491.000000
rn1 267000000 267999999 3530.000000
