rn1 1000000 1999999 2365.000000
rn1 2000000 2999999 2822.000000
rn1 3000000 3999999 1668.000000
rn1 4000000 4999999 2741.000000
rn1 5000000 5999999 3144.000000
rn1 6000000 6999999 4834.000000
rn1 7000000 7999999 7255.000000
rn1 8000000 8999999 1044.000000
rn1 9000000 9999999 5052.000000
rn1 10000000 10999999 2575.000000
rn1 11000000 11999999 3218.000000
rn1 12000000 12999999 2514.000000
rn1 13000000 13999999 873.000000
rn1 14000000 14999999 4130.000000
rn1 15000000 15999999 4835.000000
rn1 16000000 16999999 5180.000000
rn1 17000000 17999999 3379.000000
rn1 18000000 18999999 1704.000000
rn1 19000000 19999999 2322.000000
rn1 20000000 20999999 1499.000000
rn1 21000000 21999999 7630.000000
rn1 22000000 22999999 9535.000000
rn1 23000000 23999999 4608.000000
rn1 24000000 24999999 8890.000000
rn1 25000000 25999999 295.000000
rn1 26000000 26999999 4988.000000
rn1 27000000 27999999 8696.000000
rn1 28000000 28999999 1617.000000
rn1 29000000 29999999 9996.000000
rn1 30000000 30999999 2244.000000
rn1 31000000 31999999 50.000000
rn1 33000000 33999999 986.000000
rn1 34000000 34999999 4803.000000
rn1 35000000 35999999 1842.000000
rn1 36000000 36999999 13221.000000
rn1 37000000 37999999 4666.000000
rn1 38000000 38999999 559.000000
rn1 40000000 40999999 909.000000
rn1 41000000 41999999 1469.000000
rn1 42000000 42999999 7326.000000
rn1 43000000 43999999 752.000000
rn1 44000000 44999999 1467.000000
rn1 45000000 45999999 5221.000000
rn1 46000000 46999999 1942.000000
rn1 47000000 47999999 3670.000000
rn1 48000000 48999999 1338.000000
rn1 49000000 49999999 3718.000000
rn1 52000000 52999999 264.000000
rn1 53000000 53999999 311.000000
rn1 54000000 54999999 7767.000000
rn1 55000000 55999999 2502.000000
rn1 56000000 56999999 6217.000000
rn1 57000000 57999999 13798.000000
rn1 58000000 58999999 22025.000000
rn1 59000000 59999999 10664.000000
rn1 60000000 60999999 8279.000000
rn1 61000000 61999999 743.000000
rn1 62000000 62999999 10015.000000
rn1 63000000 63999999 17636.000000
rn1 64000000 64999999 13190.000000
rn1 65000000 65999999 28423.000000
rn1 66000000 66999999 4555.000000
rn1 67000000 67999999 14756.000000
rn1 68000000 68999999 406.000000
rn1 69000000 69999999 242.000000
rn1 70000000 70999999 9519.000000
rn1 71000000 71999999 14142.000000
rn1 72000000 72999999 24866.000000
rn1 73000000 73999999 9509.000000
rn1 76000000 76999999 5308.000000
rn1 77000000 77999999 854.000000
rn1 78000000 78999999 2382.000000
rn1 79000000 79999999 19524.000000
rn1 80000000 80999999 3582.000000
rn1 81000000 81999999 2265.000000
rn1 82000000 82999999 10817.000000
rn1 83000000 83999999 5985.000000
rn1 84000000 84999999 16036.000000
rn1 85000000 85999999 14914.000000
rn1 86000000 86999999 20157.000000
rn1 87000000 87999999 8019.000000
rn1 88000000 88999999 2668.000000
rn1 89000000 89999999 1503.000000
rn1 90000000 90999999 6731.000000
rn1 91000000 91999999 2291.000000
rn1 92000000 92999999 1306.000000
rn1 93000000 93999999 7087.000000
rn1 94000000 94999999 2809.000000
rn1 95000000 95999999 15889.000000
rn1 96000000 96999999 5189.000000
rn1 97000000 97999999 1947.000000
rn1 98000000 98999999 1876.000000
rn1 100000000 100999999 1700.000000
rn1 101000000 101999999 3295.000000
rn1 102000000 102999999 4669.000000
rn1 103000000 103999999 5985.000000
rn1 104000000 104999999 1021.000000
rn1 105000000 105999999 1307.000000
rn1 106000000 106999999 4463.000000
rn1 107000000 107999999 13695.000000
rn1 108000000 108999999 5420.000000
rn1 109000000 109999999 1873.000000
rn1 110000000 110999999 1196.000000
rn1 111000000 111999999 8285.000000
rn1 112000000 112999999 1410.000000
rn1 113000000 113999999 10182.000000
rn1 114000000 114999999 2036.000000
rn1 116000000 116999999 1852.000000
rn1 117000000 117999999 8421.000000
rn1 118000000 118999999 3532.000000
rn1 119000000 119999999 1312.000000
rn1 120000000 120999999 575.000000
rn1 121000000 121999999 1999.000000
rn1 122000000 122999999 5611.000000
rn1 123000000 123999999 1663.000000
rn1 124000000 124999999 548.000000
rn1 125000000 125999999 1757.000000
rn1 126000000 126999999 382.000000
rn1 127000000 127999999 295.000000
rn1 128000000 128999999 2740.000000
rn1 129000000 129999999 1522.000000
rn1 130000000 130999999 2077.000000
rn1 131000000 131999999 10008.000000
rn1 132000000 132999999 269.000000
rn1 133000000 133999999 1733.000000
rn1 134000000 134999999 1713.000000
rn1 135000000 135999999 3141.000000
rn1 136000000 136999999 1757.000000
rn1 137000000 137999999 18416.000000
rn1 138000000 138999999 2602.000000
rn1 139000000 139999999 1201.000000
rn1 140000000 140999999 520.000000
rn1 141000000 141999999 3182.000000
rn1 142000000 142999999 19435.000000
rn1 143000000 143999999 1092.000000
rn1 144000000 144999999 1945.000000
rn1 145000000 145999999 947.000000
rn1 146000000 146999999 4921.000000
rn1 147000000 147999999 6126.000000
rn1 148000000 148999999 423.000000
rn1 149000000 149999999 2904.000000
rn1 150000000 150999999 5020.000000
rn1 151000000 151999999 1388.000000
rn1 152000000 152999999 2960.000000
rn1 153000000 153999999 624.000000
rn1 154000000 154999999 429.000000
rn1 155000000 155999999 22003.000000
rn1 156000000 156999999 863.000000
rn1 157000000 157999999 6010.000000
rn1 158000000 158999999 3039.000000
rn1 159000000 159999999 4268.000000
rn1 160000000 160999999 12654.000000
rn1 161000000 161999999 14168.000000
rn1 162000000 162999999 24631.000000
rn1 163000000 163999999 18711.000000
rn1 164000000 164999999 23872.000000
rn1 165000000 165999999 27951.000000
rn1 166000000 166999999 17679.000000
rn1 167000000 167999999 4740.000000
rn1 168000000 168999999 14615.000000
rn1 169000000 169999999 1425.000000
rn1 171000000 171999999 2036.000000
rn1 172000000 172999999 4149.000000
rn1 173000000 173999999 3146.000000
rn1 174000000 174999999 1004.000000
rn1 175000000 175999999 4321.000000
rn1 176000000 176999999 7282.000000
rn1 177000000 177999999 6843.000000
rn1 179000000 179999999 35016.000000
rn1 180000000 180999999 1317.000000
rn1 181000000 181999999 12873.000000
rn1 182000000 182999999 2907.000000
rn1 183000000 183999999 2834.000000
rn1 184000000 184999999 1497.000000
rn1 185000000 185999999 7185.000000
rn1 186000000 186999999 16963.000000
rn1 187000000 187999999 8215.000000
rn1 188000000 188999999 9233.000000
rn1 189000000 189999999 40378.000000
rn1 190000000 190999999 8425.000000
rn1 191000000 191999999 1480.000000
rn1 192000000 192999999 3426.000000
rn1 193000000 193999999 1518.000000
rn1 194000000 194999999 12328.000000
rn1 195000000 195999999 1132.000000
rn1 196000000 196999999 4013.000000
rn1 197000000 197999999 2721.000000
rn1 198000000 198999999 16169.000000
rn1 199000000 199999999 8552.000000
rn1 200000000 200999999 22744.000000
rn1 201000000 201999999 8202.000000
rn1 202000000 202999999 553.000000
rn1 203000000 203999999 3151.000000
rn1 204000000 204999999 1465.000000
rn1 205000000 205999999 3611.000000
rn1 206000000 206999999 1106.000000
rn1 207000000 207999999 24811.000000
rn1 208000000 208999999 8247.000000
rn1 209000000 209999999 3321.000000
rn1 210000000 210999999 3198.000000
rn1 211000000 211999999 3291.000000
rn1 212000000 212999999 4220.000000
rn1 213000000 213999999 4750.000000
rn1 214000000 214999999 10028.000000
rn1 215000000 215999999 12617.000000
rn1 216000000 216999999 35894.000000
rn1 217000000 217999999 3857.000000
rn1 218000000 218999999 1036.000000
rn1 219000000 219999999 21887.000000
rn1 220000000 220999999 4222.000000
rn1 221000000 221999999 1969.000000
rn1 222000000 222999999 3303.000000
rn1 223000000 223999999 2434.000000
rn1 224000000 224999999 3881.000000
rn1 225000000 225999999 2319.000000
rn1 226000000 226999999 11464.000000
rn1 227000000 227999999 3368.000000
rn1 228000000 228999999 3270.000000
rn1 229000000 229999999 465.000000
rn1 230000000 230999999 2067.000000
rn1 231000000 231999999 2057.000000
rn1 232000000 232999999 9607.000000
rn1 233000000 233999999 4295.000000
rn1 234000000 234999999 2815.000000
rn1 235000000 235999999 662.000000
rn1 236000000 236999999 987.000000
rn1 237000000 237999999 1876.000000
rn1 238000000 238999999 4559.000000
rn1 239000000 239999999 1706.000000
rn1 240000000 240999999 4682.000000
rn1 241000000 241999999 21154.000000
rn1 242000000 242999999 5071.000000
rn1 243000000 243999999 72.000000
rn1 244000000 244999999 72.000000
rn1 245000000 245999999 2201.000000
rn1 246000000 246999999 30051.000000
rn1 247000000 247999999 13720.000000
rn1 248000000 248999999 5748.000000
rn1 249000000 249999999 7938.000000
rn1 250000000 250999999 9762.000000
rn1 251000000 251999999 23231.000000
rn1 252000000 252999999 4855.000000
rn1 253000000 253999999 1475.000000
rn1 254000000 254999999 164.000000
rn1 255000000 255999999 5222.000000
rn1 256000000 256999999 634.000000
rn1 257000000 257999999 1072.000000
rn1 258000000 258999999 820.000000
rn1 259000000 259999999 4553.000000
rn1 260000000 260999999 236.000000
rn1 261000000 261999999 731.000000
rn1 262000000 262999999 1209.000000
rn1 263000000 263999999 21821.000000
rn1 264000000 264999999 3696.000000
rn1 265000000 265999999 4083.000000
rn1 266000000 266999999 2887.000000
rn1 267000000 267999999 6030.000000
