mm1 4000000 4999999 4497.000000
mm1 5000000 5999999 1368.000000
mm1 6000000 6999999 609.000000
mm1 7000000 7999999 6219.000000
mm1 8000000 8999999 550.000000
mm1 9000000 9999999 5296.000000
mm1 10000000 10999999 3943.000000
mm1 11000000 11999999 1594.000000
mm1 12000000 12999999 2011.000000
mm1 13000000 13999999 5399.000000
mm1 14000000 14999999 1214.000000
mm1 15000000 15999999 3617.000000
mm1 16000000 16999999 5096.000000
mm1 17000000 17999999 5348.000000
mm1 18000000 18999999 175.000000
mm1 19000000 19999999 3048.000000
mm1 20000000 20999999 4196.000000
mm1 21000000 21999999 2347.000000
mm1 22000000 22999999 4615.000000
mm1 23000000 23999999 2020.000000
mm1 24000000 24999999 7242.000000
mm1 25000000 25999999 1160.000000
mm1 26000000 26999999 6587.000000
mm1 27000000 27999999 425.000000
mm1 28000000 28999999 452.000000
mm1 29000000 29999999 2918.000000
mm1 30000000 30999999 2807.000000
mm1 31000000 31999999 2812.000000
mm1 32000000 32999999 332.000000
mm1 33000000 33999999 2474.000000
mm1 34000000 34999999 3011.000000
mm1 35000000 35999999 729.000000
mm1 36000000 36999999 4377.000000
mm1 37000000 37999999 2599.000000
mm1 38000000 38999999 2198.000000
mm1 39000000 39999999 4840.000000
mm1 40000000 40999999 4292.000000
mm1 42000000 42999999 922.000000
mm1 43000000 43999999 778.000000
mm1 44000000 44999999 3627.000000
mm1 45000000 45999999 4829.000000
mm1 46000000 46999999 38105.000000
mm1 47000000 47999999 336.000000
mm1 48000000 48999999 5053.000000
mm1 49000000 49999999 1394.000000
mm1 51000000 51999999 1214.000000
mm1 52000000 52999999 3335.000000
mm1 53000000 53999999 16670.000000
mm1 54000000 54999999 864.000000
mm1 55000000 55999999 6416.000000
mm1 56000000 56999999 557.000000
mm1 57000000 57999999 3796.000000
mm1 58000000 58999999 1321.000000
mm1 59000000 59999999 5328.000000
mm1 60000000 60999999 2048.000000
mm1 61000000 61999999 2703.000000
mm1 62000000 62999999 1617.000000
mm1 63000000 63999999 2030.000000
mm1 64000000 64999999 34621.000000
mm1 65000000 65999999 2119.000000
mm1 66000000 66999999 1918.000000
mm1 67000000 67999999 1997.000000
mm1 68000000 68999999 570.000000
mm1 69000000 69999999 1865.000000
mm1 70000000 70999999 2050.000000
mm1 71000000 71999999 4099.000000
mm1 72000000 72999999 3073.000000
mm1 73000000 73999999 411.000000
mm1 75000000 75999999 8927.000000
mm1 76000000 76999999 280.000000
mm1 77000000 77999999 2885.000000
mm1 78000000 78999999 127.000000
mm1 79000000 79999999 1940.000000
mm1 80000000 80999999 411.000000
mm1 81000000 81999999 759.000000
mm1 83000000 83999999 1188.000000
mm1 84000000 84999999 320.000000
mm1 85000000 85999999 64.000000
mm1 88000000 88999999 2058.000000
mm1 89000000 89999999 3695.000000
mm1 90000000 90999999 1326.000000
mm1 91000000 91999999 2010.000000
mm1 92000000 92999999 112.000000
mm1 93000000 93999999 3969.000000
mm1 94000000 94999999 9224.000000
mm1 95000000 95999999 7070.000000
mm1 96000000 96999999 257.000000
mm1 97000000 97999999 88.000000
mm1 98000000 98999999 1797.000000
mm1 100000000 100999999 2561.000000
mm1 101000000 101999999 3713.000000
mm1 102000000 102999999 4112.000000
mm1 104000000 104999999 3754.000000
mm1 105000000 105999999 894.000000
mm1 106000000 106999999 3489.000000
mm1 107000000 107999999 10755.000000
mm1 108000000 108999999 16100.000000
mm1 110000000 110999999 4541.000000
mm1 111000000 111999999 3055.000000
mm1 112000000 112999999 3177.000000
mm1 113000000 113999999 9414.000000
mm1 114000000 114999999 2458.000000
mm1 115000000 115999999 540.000000
mm1 117000000 117999999 1701.000000
mm1 118000000 118999999 5983.000000
mm1 119000000 119999999 18934.000000
mm1 120000000 120999999 16286.000000
mm1 121000000 121999999 3560.000000
mm1 122000000 122999999 439.000000
mm1 123000000 123999999 527.000000
mm1 124000000 124999999 364.000000
mm1 125000000 125999999 2777.000000
mm1 127000000 127999999 17631.000000
mm1 128000000 128999999 900.000000
mm1 129000000 129999999 1532.000000
mm1 130000000 130999999 4023.000000
mm1 131000000 131999999 453.000000
mm1 132000000 132999999 1007.000000
mm1 133000000 133999999 6613.000000
mm1 134000000 134999999 1377.000000
mm1 135000000 135999999 7287.000000
mm1 136000000 136999999 3297.000000
mm1 137000000 137999999 1617.000000
mm1 138000000 138999999 3443.000000
mm1 140000000 140999999 1247.000000
mm1 141000000 141999999 1271.000000
mm1 142000000 142999999 142.000000
mm1 144000000 144999999 2174.000000
mm1 145000000 145999999 1529.000000
mm1 146000000 146999999 179.000000
mm1 147000000 147999999 3446.000000
mm1 149000000 149999999 2039.000000
mm1 150000000 150999999 801.000000
mm1 151000000 151999999 1375.000000
mm1 152000000 152999999 2020.000000
mm1 153000000 153999999 4420.000000
mm1 154000000 154999999 2123.000000
mm1 155000000 155999999 2152.000000
mm1 156000000 156999999 1652.000000
mm1 157000000 157999999 1924.000000
mm1 158000000 158999999 3367.000000
mm1 159000000 159999999 2167.000000
mm1 160000000 160999999 419.000000
mm1 161000000 161999999 569.000000
mm1 162000000 162999999 1340.000000
mm1 163000000 163999999 5837.000000
mm1 164000000 164999999 426.000000
mm1 165000000 165999999 1096.000000
mm1 166000000 166999999 1360.000000
mm1 167000000 167999999 4296.000000
mm1 168000000 168999999 1017.000000
mm1 169000000 169999999 2082.000000
mm1 171000000 171999999 1108.000000
mm1 172000000 172999999 1557.000000
mm1 173000000 173999999 1254.000000
mm1 174000000 174999999 3501.000000
mm1 175000000 175999999 7359.000000
mm1 176000000 176999999 12423.000000
mm1 178000000 178999999 13870.000000
mm1 179000000 179999999 3028.000000
mm1 180000000 180999999 1754.000000
mm1 181000000 181999999 1811.000000
mm1 182000000 182999999 6998.000000
mm1 183000000 183999999 1714.000000
mm1 184000000 184999999 4407.000000
mm1 185000000 185999999 350.000000
mm1 186000000 186999999 2762.000000
mm1 187000000 187999999 104.000000
mm1 188000000 188999999 3226.000000
mm1 189000000 189999999 392.000000
mm1 192000000 192999999 4772.000000
mm1 193000000 193999999 1612.000000
mm1 194000000 194999999 1139.000000
mm1 195000000 195999999 1900.000000
mm1 197000000 197999999 860.000000
