mm1 4000000 4999999 7305.000000
mm1 5000000 5999999 1278.000000
mm1 6000000 6999999 17889.000000
mm1 7000000 7999999 2344.000000
mm1 8000000 8999999 947.000000
mm1 9000000 9999999 3100.000000
mm1 10000000 10999999 5592.000000
mm1 11000000 11999999 1406.000000
mm1 12000000 12999999 1812.000000
mm1 13000000 13999999 3672.000000
mm1 14000000 14999999 1017.000000
mm1 15000000 15999999 4090.000000
mm1 16000000 16999999 5700.000000
mm1 17000000 17999999 7855.000000
mm1 18000000 18999999 431.000000
mm1 19000000 19999999 2926.000000
mm1 20000000 20999999 2510.000000
mm1 22000000 22999999 3193.000000
mm1 23000000 23999999 700.000000
mm1 24000000 24999999 3323.000000
mm1 25000000 25999999 1522.000000
mm1 26000000 26999999 1024.000000
mm1 27000000 27999999 558.000000
mm1 28000000 28999999 452.000000
mm1 29000000 29999999 2399.000000
mm1 30000000 30999999 3894.000000
mm1 31000000 31999999 4699.000000
mm1 32000000 32999999 1434.000000
mm1 33000000 33999999 4146.000000
mm1 34000000 34999999 3041.000000
mm1 35000000 35999999 290.000000
mm1 36000000 36999999 2529.000000
mm1 37000000 37999999 669.000000
mm1 38000000 38999999 3894.000000
mm1 39000000 39999999 4777.000000
mm1 40000000 40999999 2145.000000
mm1 41000000 41999999 811.000000
mm1 42000000 42999999 517.000000
mm1 43000000 43999999 2692.000000
mm1 44000000 44999999 7104.000000
mm1 45000000 45999999 15529.000000
mm1 46000000 46999999 5660.000000
mm1 47000000 47999999 3633.000000
mm1 48000000 48999999 2571.000000
mm1 49000000 49999999 1445.000000
mm1 50000000 50999999 589.000000
mm1 51000000 51999999 1679.000000
mm1 52000000 52999999 4787.000000
mm1 53000000 53999999 1346.000000
mm1 54000000 54999999 2980.000000
mm1 55000000 55999999 9951.000000
mm1 56000000 56999999 242.000000
mm1 57000000 57999999 326.000000
mm1 58000000 58999999 5395.000000
mm1 59000000 59999999 2200.000000
mm1 60000000 60999999 6172.000000
mm1 61000000 61999999 3322.000000
mm1 62000000 62999999 1666.000000
mm1 63000000 63999999 2747.000000
mm1 64000000 64999999 2707.000000
mm1 65000000 65999999 1378.000000
mm1 66000000 66999999 2261.000000
mm1 67000000 67999999 96.000000
mm1 68000000 68999999 787.000000
mm1 69000000 69999999 681.000000
mm1 70000000 70999999 2338.000000
mm1 71000000 71999999 2462.000000
mm1 72000000 72999999 3263.000000
mm1 74000000 74999999 953.000000
mm1 75000000 75999999 10672.000000
mm1 76000000 76999999 289.000000
mm1 77000000 77999999 2850.000000
mm1 78000000 78999999 3147.000000
mm1 79000000 79999999 1746.000000
mm1 80000000 80999999 16987.000000
mm1 81000000 81999999 918.000000
mm1 83000000 83999999 1864.000000
mm1 84000000 84999999 564.000000
mm1 87000000 87999999 716.000000
mm1 88000000 88999999 5068.000000
mm1 89000000 89999999 1244.000000
mm1 90000000 90999999 3509.000000
mm1 91000000 91999999 1132.000000
mm1 93000000 93999999 2965.000000
mm1 94000000 94999999 13881.000000
mm1 95000000 95999999 9016.000000
mm1 96000000 96999999 3358.000000
mm1 97000000 97999999 579.000000
mm1 98000000 98999999 833.000000
mm1 99000000 99999999 1310.000000
mm1 100000000 100999999 1167.000000
mm1 101000000 101999999 789.000000
mm1 102000000 102999999 257.000000
mm1 104000000 104999999 159.000000
mm1 105000000 105999999 234.000000
mm1 106000000 106999999 11567.000000
mm1 107000000 107999999 7297.000000
mm1 108000000 108999999 1534.000000
mm1 109000000 109999999 2691.000000
mm1 110000000 110999999 1696.000000
mm1 111000000 111999999 2380.000000
mm1 112000000 112999999 2328.000000
mm1 113000000 113999999 3691.000000
mm1 114000000 114999999 2989.000000
mm1 115000000 115999999 582.000000
mm1 117000000 117999999 1022.000000
mm1 118000000 118999999 798.000000
mm1 119000000 119999999 12182.000000
mm1 120000000 120999999 16920.000000
mm1 121000000 121999999 5001.000000
mm1 122000000 122999999 1159.000000
mm1 123000000 123999999 16028.000000
mm1 125000000 125999999 3539.000000
mm1 126000000 126999999 829.000000
mm1 127000000 127999999 20202.000000
mm1 128000000 128999999 905.000000
mm1 129000000 129999999 3799.000000
mm1 130000000 130999999 4218.000000
mm1 131000000 131999999 488.000000
mm1 132000000 132999999 1000.000000
mm1 133000000 133999999 1712.000000
mm1 134000000 134999999 927.000000
mm1 135000000 135999999 2061.000000
mm1 136000000 136999999 18622.000000
mm1 137000000 137999999 2568.000000
mm1 138000000 138999999 2062.000000
mm1 140000000 140999999 3575.000000
mm1 141000000 141999999 983.000000
mm1 142000000 142999999 103.000000
mm1 143000000 143999999 658.000000
mm1 144000000 144999999 3193.000000
mm1 145000000 145999999 882.000000
mm1 146000000 146999999 647.000000
mm1 147000000 147999999 2943.000000
mm1 149000000 149999999 773.000000
mm1 150000000 150999999 970.000000
mm1 151000000 151999999 4644.000000
mm1 152000000 152999999 1738.000000
mm1 153000000 153999999 5006.000000
mm1 154000000 154999999 3054.000000
mm1 155000000 155999999 1417.000000
mm1 156000000 156999999 2360.000000
mm1 157000000 157999999 4500.000000
mm1 158000000 158999999 1480.000000
mm1 159000000 159999999 2314.000000
mm1 160000000 160999999 439.000000
mm1 161000000 161999999 781.000000
mm1 162000000 162999999 2306.000000
mm1 164000000 164999999 2056.000000
mm1 165000000 165999999 4502.000000
mm1 166000000 166999999 13213.000000
mm1 167000000 167999999 3806.000000
mm1 168000000 168999999 10532.000000
mm1 169000000 169999999 2821.000000
mm1 171000000 171999999 1054.000000
mm1 172000000 172999999 2234.000000
mm1 173000000 173999999 3993.000000
mm1 174000000 174999999 4196.000000
mm1 175000000 175999999 8858.000000
mm1 176000000 176999999 14017.000000
mm1 177000000 177999999 2447.000000
mm1 178000000 178999999 3521.000000
mm1 179000000 179999999 13993.000000
mm1 180000000 180999999 17812.000000
mm1 181000000 181999999 7080.000000
mm1 182000000 182999999 46135.000000
mm1 183000000 183999999 4614.000000
mm1 184000000 184999999 9788.000000
mm1 185000000 185999999 264.000000
mm1 186000000 186999999 11565.000000
mm1 187000000 187999999 184.000000
mm1 188000000 188999999 1924.000000
mm1 189000000 189999999 957.000000
mm1 190000000 190999999 1919.000000
mm1 191000000 191999999 10601.000000
mm1 192000000 192999999 10072.000000
mm1 193000000 193999999 27546.000000
mm1 194000000 194999999 6411.000000
mm1 195000000 195999999 2546.000000
mm1 196000000 196999999 1686.000000
