rn1 0 999999 7247.000000
rn1 1000000 1999999 15044.000000
rn1 2000000 2999999 1194.000000
rn1 3000000 3999999 1925.000000
rn1 4000000 4999999 4804.000000
rn1 5000000 5999999 226.000000
rn1 6000000 6999999 3624.000000
rn1 7000000 7999999 4513.000000
rn1 8000000 8999999 661.000000
rn1 9000000 9999999 1184.000000
rn1 10000000 10999999 1095.000000
rn1 11000000 11999999 3238.000000
rn1 12000000 12999999 1822.000000
rn1 13000000 13999999 1702.000000
rn1 14000000 14999999 2575.000000
rn1 15000000 15999999 1528.000000
rn1 16000000 16999999 4136.000000
rn1 17000000 17999999 4467.000000
rn1 18000000 18999999 1263.000000
rn1 19000000 19999999 1668.000000
rn1 20000000 20999999 4220.000000
rn1 21000000 21999999 1239.000000
rn1 22000000 22999999 2747.000000
rn1 23000000 23999999 3077.000000
rn1 24000000 24999999 4481.000000
rn1 25000000 25999999 348.000000
rn1 26000000 26999999 2409.000000
rn1 27000000 27999999 922.000000
rn1 28000000 28999999 2492.000000
rn1 29000000 29999999 11217.000000
rn1 30000000 30999999 2044.000000
rn1 31000000 31999999 386.000000
rn1 32000000 32999999 694.000000
rn1 33000000 33999999 773.000000
rn1 34000000 34999999 3831.000000
rn1 35000000 35999999 1643.000000
rn1 36000000 36999999 894.000000
rn1 37000000 37999999 1174.000000
rn1 38000000 38999999 892.000000
rn1 40000000 40999999 997.000000
rn1 41000000 41999999 1367.000000
rn1 42000000 42999999 2767.000000
rn1 43000000 43999999 703.000000
rn1 44000000 44999999 1325.000000
rn1 45000000 45999999 1763.000000
rn1 46000000 46999999 2018.000000
rn1 47000000 47999999 1974.000000
rn1 48000000 48999999 1988.000000
rn1 49000000 49999999 52660.000000
rn1 50000000 50999999 1286.000000
rn1 51000000 51999999 1111.000000
rn1 52000000 52999999 1310.000000
rn1 53000000 53999999 8140.000000
rn1 54000000 54999999 5973.000000
rn1 55000000 55999999 2163.000000
rn1 56000000 56999999 98110.000000
rn1 57000000 57999999 54557.000000
rn1 58000000 58999999 91200.000000
rn1 59000000 59999999 89323.000000
rn1 60000000 60999999 27425.000000
rn1 61000000 61999999 17441.000000
rn1 62000000 62999999 25981.000000
rn1 63000000 63999999 792043.000000
rn1 64000000 64999999 79622.000000
rn1 65000000 65999999 1661569.000000
rn1 66000000 66999999 60494.000000
rn1 67000000 67999999 2154895.000000
rn1 68000000 68999999 20951.000000
rn1 69000000 69999999 119844.000000
rn1 70000000 70999999 31665.000000
rn1 71000000 71999999 39271.000000
rn1 72000000 72999999 414035.000000
rn1 73000000 73999999 536238.000000
rn1 74000000 74999999 36748.000000
rn1 75000000 75999999 13652.000000
rn1 76000000 76999999 15236161.000000
rn1 77000000 77999999 153557.000000
rn1 78000000 78999999 96369.000000
rn1 79000000 79999999 112759.000000
rn1 80000000 80999999 669478.000000
rn1 81000000 81999999 339934.000000
rn1 82000000 82999999 231091.000000
rn1 83000000 83999999 228367.000000
rn1 84000000 84999999 159751.000000
rn1 85000000 85999999 221489.000000
rn1 86000000 86999999 37525.000000
rn1 87000000 87999999 3621.000000
rn1 88000000 88999999 5179.000000
rn1 89000000 89999999 3242.000000
rn1 90000000 90999999 6134.000000
rn1 91000000 91999999 841745.000000
rn1 92000000 92999999 34892.000000
rn1 93000000 93999999 2697925.000000
rn1 94000000 94999999 388360.000000
rn1 95000000 95999999 34654.000000
rn1 96000000 96999999 9275.000000
rn1 97000000 97999999 4627.000000
rn1 98000000 98999999 1905.000000
rn1 99000000 99999999 294.000000
rn1 100000000 100999999 2140.000000
rn1 101000000 101999999 22360.000000
rn1 102000000 102999999 243.000000
rn1 103000000 103999999 226.000000
rn1 104000000 104999999 2507.000000
rn1 105000000 105999999 139.000000
rn1 106000000 106999999 1901.000000
rn1 107000000 107999999 6556.000000
rn1 108000000 108999999 3383.000000
rn1 109000000 109999999 524.000000
rn1 110000000 110999999 851.000000
rn1 111000000 111999999 581.000000
rn1 112000000 112999999 3447.000000
rn1 113000000 113999999 2668.000000
rn1 114000000 114999999 1515.000000
rn1 116000000 116999999 1629.000000
rn1 118000000 118999999 4277.000000
rn1 119000000 119999999 15162.000000
rn1 120000000 120999999 2690.000000
rn1 121000000 121999999 1469.000000
rn1 122000000 122999999 11305.000000
rn1 123000000 123999999 1932.000000
rn1 124000000 124999999 2103.000000
rn1 125000000 125999999 5716.000000
rn1 126000000 126999999 174.000000
rn1 128000000 128999999 2396.000000
rn1 129000000 129999999 4857.000000
rn1 130000000 130999999 1684.000000
rn1 131000000 131999999 5641.000000
rn1 132000000 132999999 1059.000000
rn1 133000000 133999999 627.000000
rn1 134000000 134999999 11202.000000
rn1 135000000 135999999 2339.000000
rn1 136000000 136999999 13317.000000
rn1 137000000 137999999 4000.000000
rn1 138000000 138999999 17839.000000
rn1 139000000 139999999 3846.000000
rn1 140000000 140999999 7481.000000
rn1 141000000 141999999 12604.000000
rn1 142000000 142999999 26736.000000
rn1 143000000 143999999 5949.000000
rn1 144000000 144999999 1723.000000
rn1 145000000 145999999 2236.000000
rn1 146000000 146999999 7430.000000
rn1 147000000 147999999 2279.000000
rn1 148000000 148999999 452.000000
rn1 149000000 149999999 2225.000000
rn1 150000000 150999999 3854.000000
rn1 151000000 151999999 1159.000000
rn1 152000000 152999999 545.000000
rn1 154000000 154999999 2074.000000
rn1 155000000 155999999 6964.000000
rn1 156000000 156999999 1349.000000
rn1 157000000 157999999 5578.000000
rn1 158000000 158999999 2929.000000
rn1 159000000 159999999 4438.000000
rn1 160000000 160999999 30805.000000
rn1 161000000 161999999 33604.000000
rn1 162000000 162999999 32035.000000
rn1 163000000 163999999 20007.000000
rn1 164000000 164999999 38828.000000
rn1 165000000 165999999 35456.000000
rn1 166000000 166999999 20183.000000
rn1 167000000 167999999 1766.000000
rn1 168000000 168999999 1765.000000
rn1 169000000 169999999 1710.000000
rn1 170000000 170999999 4851.000000
rn1 171000000 171999999 2328.000000
rn1 172000000 172999999 4223.000000
rn1 174000000 174999999 4320.000000
rn1 176000000 176999999 8455.000000
rn1 177000000 177999999 1505.000000
rn1 178000000 178999999 644.000000
rn1 179000000 179999999 4253.000000
rn1 180000000 180999999 2810.000000
rn1 181000000 181999999 10242.000000
rn1 182000000 182999999 2544.000000
rn1 183000000 183999999 1068.000000
rn1 184000000 184999999 74.000000
rn1 185000000 185999999 6533.000000
rn1 186000000 186999999 16336.000000
rn1 187000000 187999999 7543.000000
rn1 188000000 188999999 1368.000000
rn1 189000000 189999999 1469.000000
rn1 190000000 190999999 19472.000000
rn1 191000000 191999999 358.000000
rn1 192000000 192999999 15671.000000
rn1 193000000 193999999 819.000000
rn1 194000000 194999999 932.000000
rn1 195000000 195999999 4557.000000
rn1 197000000 197999999 1330.000000
rn1 198000000 198999999 9314.000000
rn1 199000000 199999999 2582.000000
rn1 200000000 200999999 42542.000000
rn1 201000000 201999999 33171.000000
rn1 202000000 202999999 19879.000000
rn1 203000000 203999999 7093.000000
rn1 204000000 204999999 45994.000000
rn1 205000000 205999999 25953.000000
rn1 206000000 206999999 10372.000000
rn1 207000000 207999999 43554.000000
rn1 208000000 208999999 31045.000000
rn1 209000000 209999999 23363.000000
rn1 210000000 210999999 2591.000000
rn1 211000000 211999999 12270.000000
rn1 212000000 212999999 12772.000000
rn1 213000000 213999999 6022.000000
rn1 214000000 214999999 36554.000000
rn1 215000000 215999999 19532.000000
rn1 216000000 216999999 41845.000000
rn1 217000000 217999999 10730.000000
rn1 218000000 218999999 2078.000000
rn1 219000000 219999999 7711.000000
rn1 220000000 220999999 4824.000000
rn1 221000000 221999999 3273.000000
rn1 222000000 222999999 4985.000000
rn1 223000000 223999999 650.000000
rn1 224000000 224999999 14748.000000
rn1 225000000 225999999 948.000000
rn1 226000000 226999999 2718.000000
rn1 227000000 227999999 11026.000000
rn1 228000000 228999999 44285.000000
rn1 229000000 229999999 591.000000
rn1 230000000 230999999 36776.000000
rn1 231000000 231999999 9393.000000
rn1 232000000 232999999 14573.000000
rn1 233000000 233999999 8823.000000
rn1 234000000 234999999 2353.000000
rn1 235000000 235999999 590.000000
rn1 236000000 236999999 1851.000000
rn1 237000000 237999999 1468.000000
rn1 238000000 238999999 3542.000000
rn1 239000000 239999999 808.000000
rn1 240000000 240999999 1428.000000
rn1 241000000 241999999 3828.000000
rn1 242000000 242999999 1441.000000
rn1 243000000 243999999 19786.000000
rn1 244000000 244999999 20954.000000
rn1 245000000 245999999 4618.000000
rn1 246000000 246999999 902.000000
rn1 247000000 247999999 2470.000000
rn1 248000000 248999999 2139.000000
rn1 249000000 249999999 6892.000000
rn1 250000000 250999999 1513.000000
rn1 251000000 251999999 11550.000000
rn1 252000000 252999999 23830.000000
rn1 253000000 253999999 1518.000000
rn1 254000000 254999999 393.000000
rn1 255000000 255999999 377.000000
rn1 256000000 256999999 620.000000
rn1 257000000 257999999 2079.000000
rn1 258000000 258999999 710.000000
rn1 259000000 259999999 1128.000000
rn1 260000000 260999999 120.000000
rn1 262000000 262999999 1019.000000
rn1 263000000 263999999 2520.000000
rn1 264000000 264999999 1167.000000
rn1 265000000 265999999 1575.000000
rn1 266000000 266999999 3745.000000
rn1 267000000 267999999 6277.000000
