mm1 3000000 3999999 1416.000000
mm1 4000000 4999999 23649.000000
mm1 5000000 5999999 8315.000000
mm1 6000000 6999999 17808.000000
mm1 7000000 7999999 7485.000000
mm1 8000000 8999999 868.000000
mm1 9000000 9999999 10680.000000
mm1 10000000 10999999 4064.000000
mm1 11000000 11999999 2516.000000
mm1 12000000 12999999 4642.000000
mm1 13000000 13999999 6722.000000
mm1 14000000 14999999 4961.000000
mm1 15000000 15999999 6488.000000
mm1 16000000 16999999 16151.000000
mm1 17000000 17999999 2755.000000
mm1 18000000 18999999 1541.000000
mm1 19000000 19999999 14178.000000
mm1 20000000 20999999 5189.000000
mm1 21000000 21999999 7493.000000
mm1 22000000 22999999 8212.000000
mm1 23000000 23999999 4544.000000
mm1 24000000 24999999 8962.000000
mm1 25000000 25999999 10338.000000
mm1 26000000 26999999 1818.000000
mm1 27000000 27999999 568.000000
mm1 28000000 28999999 1372.000000
mm1 29000000 29999999 4194.000000
mm1 30000000 30999999 9754.000000
mm1 31000000 31999999 8397.000000
mm1 32000000 32999999 5096.000000
mm1 33000000 33999999 8765.000000
mm1 34000000 34999999 85398.000000
mm1 35000000 35999999 768.000000
mm1 36000000 36999999 16497.000000
mm1 37000000 37999999 4508.000000
mm1 38000000 38999999 3146.000000
mm1 39000000 39999999 11567.000000
mm1 40000000 40999999 8387.000000
mm1 41000000 41999999 922.000000
mm1 42000000 42999999 4387.000000
mm1 43000000 43999999 7050.000000
mm1 44000000 44999999 6711.000000
mm1 45000000 45999999 6147.000000
mm1 46000000 46999999 7940.000000
mm1 47000000 47999999 5483.000000
mm1 48000000 48999999 3603.000000
mm1 49000000 49999999 7503.000000
mm1 50000000 50999999 831.000000
mm1 51000000 51999999 1312.000000
mm1 52000000 52999999 8633.000000
mm1 53000000 53999999 2392.000000
mm1 54000000 54999999 996.000000
mm1 55000000 55999999 18941.000000
mm1 56000000 56999999 1021.000000
mm1 57000000 57999999 7752.000000
mm1 58000000 58999999 41941.000000
mm1 59000000 59999999 32677.000000
mm1 60000000 60999999 10084.000000
mm1 61000000 61999999 4980.000000
mm1 62000000 62999999 2882.000000
mm1 63000000 63999999 5390.000000
mm1 64000000 64999999 9045.000000
mm1 65000000 65999999 4358.000000
mm1 66000000 66999999 9084.000000
mm1 67000000 67999999 393.000000
mm1 68000000 68999999 853.000000
mm1 69000000 69999999 3375.000000
mm1 70000000 70999999 981.000000
mm1 71000000 71999999 7802.000000
mm1 72000000 72999999 3550.000000
mm1 73000000 73999999 1290.000000
mm1 74000000 74999999 6856.000000
mm1 75000000 75999999 31272.000000
mm1 76000000 76999999 887.000000
mm1 77000000 77999999 22634.000000
mm1 78000000 78999999 10019.000000
mm1 79000000 79999999 3524.000000
mm1 80000000 80999999 1853.000000
mm1 81000000 81999999 788.000000
mm1 82000000 82999999 12721.000000
mm1 83000000 83999999 2834.000000
mm1 84000000 84999999 709.000000
mm1 85000000 85999999 716.000000
mm1 87000000 87999999 1642.000000
mm1 88000000 88999999 9277.000000
mm1 89000000 89999999 28996.000000
mm1 90000000 90999999 5288.000000
mm1 91000000 91999999 21990.000000
mm1 92000000 92999999 1148.000000
mm1 93000000 93999999 19585.000000
mm1 94000000 94999999 41480.000000
mm1 95000000 95999999 31203.000000
mm1 96000000 96999999 4277.000000
mm1 97000000 97999999 874.000000
mm1 98000000 98999999 3974.000000
mm1 99000000 99999999 10389.000000
mm1 100000000 100999999 3870.000000
mm1 101000000 101999999 1954.000000
mm1 102000000 102999999 1146.000000
mm1 103000000 103999999 227.000000
mm1 105000000 105999999 2171.000000
mm1 106000000 106999999 6887.000000
mm1 107000000 107999999 14162.000000
mm1 108000000 108999999 2059.000000
mm1 109000000 109999999 1146.000000
mm1 110000000 110999999 1910.000000
mm1 111000000 111999999 2506.000000
mm1 112000000 112999999 228.000000
mm1 113000000 113999999 1777.000000
mm1 114000000 114999999 8025.000000
mm1 115000000 115999999 387.000000
mm1 116000000 116999999 566.000000
mm1 117000000 117999999 2197.000000
mm1 118000000 118999999 10945.000000
mm1 119000000 119999999 22224.000000
mm1 120000000 120999999 7913.000000
mm1 121000000 121999999 9129.000000
mm1 122000000 122999999 2519.000000
mm1 123000000 123999999 3886.000000
mm1 124000000 124999999 4051.000000
mm1 125000000 125999999 6129.000000
mm1 126000000 126999999 1281.000000
mm1 127000000 127999999 1731.000000
mm1 128000000 128999999 982.000000
mm1 129000000 129999999 15074.000000
mm1 130000000 130999999 3884.000000
mm1 131000000 131999999 531.000000
mm1 132000000 132999999 44068195.000000
mm1 133000000 133999999 341718.000000
mm1 134000000 134999999 6096.000000
mm1 135000000 135999999 104792.000000
mm1 136000000 136999999 30420.000000
mm1 137000000 137999999 26347.000000
mm1 138000000 138999999 11038.000000
mm1 139000000 139999999 9405.000000
mm1 140000000 140999999 11912.000000
mm1 141000000 141999999 146510.000000
mm1 142000000 142999999 21186.000000
mm1 143000000 143999999 2114.000000
mm1 144000000 144999999 132062.000000
mm1 145000000 145999999 4233.000000
mm1 146000000 146999999 7324.000000
mm1 147000000 147999999 54315.000000
mm1 148000000 148999999 5192.000000
mm1 149000000 149999999 5773.000000
mm1 150000000 150999999 2030.000000
mm1 151000000 151999999 7017.000000
mm1 152000000 152999999 7744.000000
mm1 153000000 153999999 17746.000000
mm1 154000000 154999999 11736.000000
mm1 155000000 155999999 23361.000000
mm1 156000000 156999999 28303.000000
mm1 157000000 157999999 7917.000000
mm1 158000000 158999999 16046.000000
mm1 159000000 159999999 6331.000000
mm1 160000000 160999999 5013.000000
mm1 161000000 161999999 24404.000000
mm1 162000000 162999999 19718.000000
mm1 163000000 163999999 11148.000000
mm1 164000000 164999999 33848.000000
mm1 165000000 165999999 11131.000000
mm1 166000000 166999999 10090.000000
mm1 167000000 167999999 15075.000000
mm1 168000000 168999999 61811.000000
mm1 169000000 169999999 17023.000000
mm1 170000000 170999999 7675.000000
mm1 171000000 171999999 23942.000000
mm1 172000000 172999999 91150.000000
mm1 173000000 173999999 36956.000000
mm1 174000000 174999999 98358.000000
mm1 175000000 175999999 317294.000000
mm1 176000000 176999999 5475327.000000
mm1 177000000 177999999 21687.000000
mm1 178000000 178999999 34507.000000
mm1 179000000 179999999 162563.000000
mm1 180000000 180999999 15804.000000
mm1 181000000 181999999 15285871.000000
mm1 182000000 182999999 1106607.000000
mm1 183000000 183999999 14967.000000
mm1 184000000 184999999 24757.000000
mm1 185000000 185999999 2424.000000
mm1 186000000 186999999 9998.000000
mm1 187000000 187999999 6552.000000
mm1 188000000 188999999 6103.000000
mm1 189000000 189999999 2007.000000
mm1 190000000 190999999 2980.000000
mm1 191000000 191999999 6356.000000
mm1 192000000 192999999 28209.000000
mm1 193000000 193999999 12645.000000
mm1 194000000 194999999 4450.000000
mm1 195000000 195999999 8884.000000
mm1 196000000 196999999 31801.000000
mm1 197000000 197999999 829.000000
