rn1 1000000 1999999 3132.000000
rn1 2000000 2999999 8364.000000
rn1 3000000 3999999 1936.000000
rn1 4000000 4999999 4440.000000
rn1 5000000 5999999 4878.000000
rn1 6000000 6999999 7812.000000
rn1 7000000 7999999 4578.000000
rn1 8000000 8999999 5327.000000
rn1 9000000 9999999 6219.000000
rn1 10000000 10999999 1139.000000
rn1 11000000 11999999 2757.000000
rn1 12000000 12999999 6446.000000
rn1 13000000 13999999 2198.000000
rn1 14000000 14999999 2904.000000
rn1 15000000 15999999 19301.000000
rn1 16000000 16999999 6797.000000
rn1 17000000 17999999 11312.000000
rn1 18000000 18999999 1581.000000
rn1 19000000 19999999 2585.000000
rn1 20000000 20999999 12512.000000
rn1 21000000 21999999 7416.000000
rn1 22000000 22999999 3540.000000
rn1 23000000 23999999 4693.000000
rn1 24000000 24999999 8677.000000
rn1 25000000 25999999 7396.000000
rn1 26000000 26999999 10768.000000
rn1 27000000 27999999 2427.000000
rn1 28000000 28999999 3576.000000
rn1 29000000 29999999 17707.000000
rn1 30000000 30999999 11454.000000
rn1 32000000 32999999 3227.000000
rn1 33000000 33999999 2295.000000
rn1 34000000 34999999 2386.000000
rn1 35000000 35999999 5968.000000
rn1 36000000 36999999 3388.000000
rn1 37000000 37999999 5963.000000
rn1 38000000 38999999 717.000000
rn1 40000000 40999999 21442.000000
rn1 41000000 41999999 6162.000000
rn1 42000000 42999999 12160.000000
rn1 43000000 43999999 821.000000
rn1 44000000 44999999 1589.000000
rn1 45000000 45999999 7747.000000
rn1 46000000 46999999 10392.000000
rn1 47000000 47999999 27693.000000
rn1 48000000 48999999 4485.000000
rn1 49000000 49999999 8607.000000
rn1 50000000 50999999 3301.000000
rn1 51000000 51999999 3282.000000
rn1 52000000 52999999 3018.000000
rn1 53000000 53999999 8711.000000
rn1 54000000 54999999 5860.000000
rn1 55000000 55999999 8202.000000
rn1 56000000 56999999 8902.000000
rn1 57000000 57999999 12990.000000
rn1 58000000 58999999 13585.000000
rn1 59000000 59999999 32056.000000
rn1 60000000 60999999 13495.000000
rn1 61000000 61999999 2335.000000
rn1 62000000 62999999 19394.000000
rn1 63000000 63999999 10745.000000
rn1 64000000 64999999 17149.000000
rn1 65000000 65999999 32282.000000
rn1 66000000 66999999 13604.000000
rn1 67000000 67999999 17141.000000
rn1 68000000 68999999 20799.000000
rn1 69000000 69999999 1257.000000
rn1 70000000 70999999 10787.000000
rn1 71000000 71999999 7839.000000
rn1 72000000 72999999 24462.000000
rn1 73000000 73999999 10953.000000
rn1 75000000 75999999 3378.000000
rn1 76000000 76999999 9122.000000
rn1 77000000 77999999 4454.000000
rn1 78000000 78999999 17329.000000
rn1 79000000 79999999 32027.000000
rn1 80000000 80999999 61808.000000
rn1 81000000 81999999 11328.000000
rn1 82000000 82999999 44353.000000
rn1 83000000 83999999 16279.000000
rn1 84000000 84999999 84157.000000
rn1 85000000 85999999 39628.000000
rn1 86000000 86999999 33030.000000
rn1 87000000 87999999 2377.000000
rn1 88000000 88999999 2051.000000
rn1 89000000 89999999 3185.000000
rn1 90000000 90999999 9278.000000
rn1 91000000 91999999 3760.000000
rn1 92000000 92999999 1669.000000
rn1 93000000 93999999 18975.000000
rn1 94000000 94999999 21360.000000
rn1 95000000 95999999 50919.000000
rn1 96000000 96999999 8013.000000
rn1 97000000 97999999 20251.000000
rn1 98000000 98999999 3535.000000
rn1 99000000 99999999 11835.000000
rn1 100000000 100999999 3467.000000
rn1 101000000 101999999 6376.000000
rn1 102000000 102999999 8036.000000
rn1 103000000 103999999 4495.000000
rn1 104000000 104999999 693.000000
rn1 106000000 106999999 11734.000000
rn1 107000000 107999999 8192.000000
rn1 108000000 108999999 4867.000000
rn1 109000000 109999999 3864.000000
rn1 110000000 110999999 6036.000000
rn1 111000000 111999999 16623.000000
rn1 112000000 112999999 5180.000000
rn1 113000000 113999999 12238.000000
rn1 114000000 114999999 1690.000000
rn1 116000000 116999999 13005.000000
rn1 117000000 117999999 3977.000000
rn1 118000000 118999999 13318.000000
rn1 119000000 119999999 6258.000000
rn1 120000000 120999999 7465.000000
rn1 121000000 121999999 5225.000000
rn1 122000000 122999999 26818.000000
rn1 123000000 123999999 918.000000
rn1 124000000 124999999 2595.000000
rn1 125000000 125999999 2088.000000
rn1 126000000 126999999 1229.000000
rn1 127000000 127999999 447.000000
rn1 128000000 128999999 8602.000000
rn1 129000000 129999999 3914.000000
rn1 130000000 130999999 10693.000000
rn1 131000000 131999999 14899.000000
rn1 132000000 132999999 1619.000000
rn1 133000000 133999999 1833.000000
rn1 134000000 134999999 18735.000000
rn1 135000000 135999999 16271.000000
rn1 136000000 136999999 43043.000000
rn1 137000000 137999999 9930.000000
rn1 138000000 138999999 3961.000000
rn1 139000000 139999999 2540.000000
rn1 140000000 140999999 11388.000000
rn1 141000000 141999999 5906.000000
rn1 142000000 142999999 104621.000000
rn1 143000000 143999999 1276.000000
rn1 144000000 144999999 2396.000000
rn1 145000000 145999999 912.000000
rn1 146000000 146999999 7829.000000
rn1 147000000 147999999 4217.000000
rn1 148000000 148999999 421.000000
rn1 149000000 149999999 13449.000000
rn1 150000000 150999999 4918.000000
rn1 151000000 151999999 3611.000000
rn1 152000000 152999999 3608.000000
rn1 153000000 153999999 835.000000
rn1 154000000 154999999 8867.000000
rn1 155000000 155999999 20317.000000
rn1 156000000 156999999 3515.000000
rn1 157000000 157999999 16270.000000
rn1 158000000 158999999 8726.000000
rn1 159000000 159999999 12040.000000
rn1 160000000 160999999 35863.000000
rn1 161000000 161999999 46724.000000
rn1 162000000 162999999 42498.000000
rn1 163000000 163999999 29780.000000
rn1 164000000 164999999 35987.000000
rn1 165000000 165999999 41158.000000
rn1 166000000 166999999 25497.000000
rn1 167000000 167999999 51651.000000
rn1 168000000 168999999 14646.000000
rn1 169000000 169999999 2248.000000
rn1 170000000 170999999 257.000000
rn1 171000000 171999999 4114.000000
rn1 172000000 172999999 19133.000000
rn1 173000000 173999999 3826.000000
rn1 174000000 174999999 17899.000000
rn1 175000000 175999999 2560.000000
rn1 176000000 176999999 8446.000000
rn1 177000000 177999999 1799.000000
rn1 178000000 178999999 688.000000
rn1 179000000 179999999 24042.000000
rn1 180000000 180999999 20621.000000
rn1 181000000 181999999 4425.000000
rn1 182000000 182999999 17014.000000
rn1 183000000 183999999 3889.000000
rn1 184000000 184999999 231.000000
rn1 185000000 185999999 13918.000000
rn1 186000000 186999999 21000.000000
rn1 187000000 187999999 17216.000000
rn1 188000000 188999999 5353.000000
rn1 189000000 189999999 6952.000000
rn1 190000000 190999999 11512.000000
rn1 191000000 191999999 3155.000000
rn1 192000000 192999999 17093.000000
rn1 193000000 193999999 3152.000000
rn1 194000000 194999999 373.000000
rn1 195000000 195999999 3082.000000
rn1 196000000 196999999 313.000000
rn1 197000000 197999999 1786.000000
rn1 198000000 198999999 1385.000000
rn1 199000000 199999999 4912.000000
rn1 200000000 200999999 33749.000000
rn1 201000000 201999999 15348.000000
rn1 202000000 202999999 18806.000000
rn1 203000000 203999999 31406.000000
rn1 204000000 204999999 43154.000000
rn1 205000000 205999999 12129.000000
rn1 206000000 206999999 3984.000000
rn1 207000000 207999999 21012.000000
rn1 208000000 208999999 28763.000000
rn1 209000000 209999999 26030.000000
rn1 210000000 210999999 3810.000000
rn1 211000000 211999999 15404.000000
rn1 212000000 212999999 19419.000000
rn1 213000000 213999999 10783.000000
rn1 214000000 214999999 17669.000000
rn1 215000000 215999999 19485.000000
rn1 216000000 216999999 51769.000000
rn1 217000000 217999999 6043.000000
rn1 218000000 218999999 1282.000000
rn1 219000000 219999999 26173.000000
rn1 220000000 220999999 10231.000000
rn1 221000000 221999999 1629.000000
rn1 222000000 222999999 6308.000000
rn1 223000000 223999999 4806.000000
rn1 224000000 224999999 11600.000000
rn1 225000000 225999999 1978.000000
rn1 226000000 226999999 3509.000000
rn1 227000000 227999999 8984.000000
rn1 228000000 228999999 31209.000000
rn1 229000000 229999999 2352.000000
rn1 230000000 230999999 7603.000000
rn1 231000000 231999999 1668.000000
rn1 232000000 232999999 26882.000000
rn1 233000000 233999999 6030.000000
rn1 234000000 234999999 1950.000000
rn1 235000000 235999999 2152.000000
rn1 236000000 236999999 2911.000000
rn1 237000000 237999999 2643.000000
rn1 238000000 238999999 5116.000000
rn1 239000000 239999999 3217.000000
rn1 240000000 240999999 3435.000000
rn1 241000000 241999999 4282.000000
rn1 242000000 242999999 1870.000000
rn1 243000000 243999999 3379.000000
rn1 244000000 244999999 5118.000000
rn1 245000000 245999999 20764.000000
rn1 246000000 246999999 3577.000000
rn1 247000000 247999999 4670.000000
rn1 248000000 248999999 1351.000000
rn1 249000000 249999999 3013.000000
rn1 250000000 250999999 4216.000000
rn1 251000000 251999999 20332.000000
rn1 252000000 252999999 9845.000000
rn1 253000000 253999999 3764.000000
rn1 254000000 254999999 2271.000000
rn1 255000000 255999999 3018.000000
rn1 256000000 256999999 637.000000
rn1 257000000 257999999 6138.000000
rn1 258000000 258999999 4986.000000
rn1 259000000 259999999 15857.000000
rn1 260000000 260999999 710.000000
rn1 261000000 261999999 7086.000000
rn1 262000000 262999999 1160.000000
rn1 263000000 263999999 3116.000000
rn1 264000000 264999999 3483.000000
rn1 265000000 265999999 4312.000000
rn1 266000000 266999999 4749.000000
rn1 267000000 267999999 10351.000000
