mm1 3000000 3999999 4170112.000000
mm1 4000000 4999999 8899.000000
mm1 5000000 5999999 21666.000000
mm1 6000000 6999999 2538.000000
mm1 7000000 7999999 357892.000000
mm1 8000000 8999999 421676.000000
mm1 9000000 9999999 8657310.000000
mm1 10000000 10999999 10304.000000
mm1 11000000 11999999 2301.000000
mm1 12000000 12999999 3753.000000
mm1 13000000 13999999 15393.000000
mm1 14000000 14999999 51468.000000
mm1 15000000 15999999 99139.000000
mm1 16000000 16999999 8100.000000
mm1 17000000 17999999 4286.000000
mm1 18000000 18999999 1279.000000
mm1 19000000 19999999 1985.000000
mm1 20000000 20999999 4807.000000
mm1 21000000 21999999 3276.000000
mm1 22000000 22999999 9564.000000
mm1 23000000 23999999 2199.000000
mm1 24000000 24999999 9811.000000
mm1 25000000 25999999 2798.000000
mm1 27000000 27999999 531.000000
mm1 28000000 28999999 2826.000000
mm1 29000000 29999999 3404.000000
mm1 30000000 30999999 3716.000000
mm1 31000000 31999999 4025.000000
mm1 32000000 32999999 2855.000000
mm1 33000000 33999999 4557.000000
mm1 34000000 34999999 12360.000000
mm1 35000000 35999999 316.000000
mm1 36000000 36999999 3699.000000
mm1 37000000 37999999 1398.000000
mm1 38000000 38999999 2415.000000
mm1 39000000 39999999 11278.000000
mm1 40000000 40999999 1790.000000
mm1 41000000 41999999 675.000000
mm1 42000000 42999999 1203.000000
mm1 43000000 43999999 5007.000000
mm1 44000000 44999999 3254.000000
mm1 45000000 45999999 3511.000000
mm1 46000000 46999999 5379.000000
mm1 47000000 47999999 4710.000000
mm1 48000000 48999999 4501.000000
mm1 49000000 49999999 6507.000000
mm1 50000000 50999999 288.000000
mm1 51000000 51999999 1254.000000
mm1 52000000 52999999 6313.000000
mm1 53000000 53999999 953.000000
mm1 54000000 54999999 1584.000000
mm1 55000000 55999999 16018.000000
mm1 56000000 56999999 648.000000
mm1 57000000 57999999 1816.000000
mm1 58000000 58999999 4135.000000
mm1 59000000 59999999 3289.000000
mm1 60000000 60999999 4237.000000
mm1 61000000 61999999 1664.000000
mm1 62000000 62999999 1066.000000
mm1 63000000 63999999 4738.000000
mm1 64000000 64999999 2933.000000
mm1 65000000 65999999 2565.000000
mm1 66000000 66999999 5702.000000
mm1 68000000 68999999 698.000000
mm1 69000000 69999999 3158.000000
mm1 70000000 70999999 1381.000000
mm1 71000000 71999999 2915.000000
mm1 72000000 72999999 3976.000000
mm1 73000000 73999999 334.000000
mm1 74000000 74999999 2368.000000
mm1 75000000 75999999 7616.000000
mm1 77000000 77999999 1942.000000
mm1 78000000 78999999 1891.000000
mm1 79000000 79999999 1207.000000
mm1 80000000 80999999 1461.000000
mm1 81000000 81999999 790.000000
mm1 82000000 82999999 936.000000
mm1 83000000 83999999 2092.000000
mm1 84000000 84999999 24362.000000
mm1 85000000 85999999 715.000000
mm1 87000000 87999999 738.000000
mm1 88000000 88999999 8297.000000
mm1 89000000 89999999 7793.000000
mm1 90000000 90999999 2531.000000
mm1 91000000 91999999 2663.000000
mm1 92000000 92999999 756.000000
mm1 93000000 93999999 458.000000
mm1 94000000 94999999 9513.000000
mm1 95000000 95999999 5204.000000
mm1 96000000 96999999 2178.000000
mm1 97000000 97999999 215.000000
mm1 98000000 98999999 2034.000000
mm1 99000000 99999999 1515.000000
mm1 100000000 100999999 1593.000000
mm1 101000000 101999999 900.000000
mm1 102000000 102999999 1137.000000
mm1 103000000 103999999 1148.000000
mm1 104000000 104999999 169.000000
mm1 105000000 105999999 92.000000
mm1 106000000 106999999 3612.000000
mm1 107000000 107999999 4755.000000
mm1 108000000 108999999 660.000000
mm1 109000000 109999999 1597.000000
mm1 110000000 110999999 2438.000000
mm1 111000000 111999999 2154.000000
mm1 112000000 112999999 3812.000000
mm1 113000000 113999999 1339.000000
mm1 114000000 114999999 4078.000000
mm1 117000000 117999999 1393.000000
mm1 118000000 118999999 2749.000000
mm1 119000000 119999999 10713.000000
mm1 120000000 120999999 3782.000000
mm1 121000000 121999999 28344.000000
mm1 122000000 122999999 1383.000000
mm1 123000000 123999999 2649.000000
mm1 124000000 124999999 2865.000000
mm1 125000000 125999999 2968.000000
mm1 126000000 126999999 1064.000000
mm1 127000000 127999999 1072.000000
mm1 128000000 128999999 890.000000
mm1 129000000 129999999 3761.000000
mm1 130000000 130999999 3640.000000
mm1 131000000 131999999 487.000000
mm1 132000000 132999999 5841.000000
mm1 133000000 133999999 2998.000000
mm1 134000000 134999999 6726.000000
mm1 135000000 135999999 4846.000000
mm1 136000000 136999999 1776.000000
mm1 137000000 137999999 713.000000
mm1 138000000 138999999 2886.000000
mm1 139000000 139999999 731.000000
mm1 140000000 140999999 3394.000000
mm1 141000000 141999999 1102.000000
mm1 142000000 142999999 1628.000000
mm1 144000000 144999999 945.000000
mm1 145000000 145999999 1818.000000
mm1 146000000 146999999 891.000000
mm1 147000000 147999999 4137.000000
mm1 149000000 149999999 789.000000
mm1 150000000 150999999 2133.000000
mm1 151000000 151999999 2768.000000
mm1 152000000 152999999 3317.000000
mm1 153000000 153999999 12559.000000
mm1 154000000 154999999 5624.000000
mm1 155000000 155999999 5427.000000
mm1 156000000 156999999 1654.000000
mm1 157000000 157999999 1879.000000
mm1 158000000 158999999 2646.000000
mm1 159000000 159999999 5777.000000
mm1 160000000 160999999 485.000000
mm1 161000000 161999999 7865.000000
mm1 162000000 162999999 6327.000000
mm1 163000000 163999999 2818.000000
mm1 164000000 164999999 1764.000000
mm1 165000000 165999999 1708.000000
mm1 166000000 166999999 2284.000000
mm1 167000000 167999999 6711.000000
mm1 168000000 168999999 19380.000000
mm1 169000000 169999999 4810.000000
mm1 171000000 171999999 3583.000000
mm1 172000000 172999999 3489.000000
mm1 173000000 173999999 3570.000000
mm1 174000000 174999999 6592.000000
mm1 175000000 175999999 6603.000000
mm1 176000000 176999999 12801.000000
mm1 177000000 177999999 523.000000
mm1 178000000 178999999 28298.000000
mm1 179000000 179999999 3106.000000
mm1 180000000 180999999 736.000000
mm1 181000000 181999999 3581.000000
mm1 182000000 182999999 13952.000000
mm1 183000000 183999999 3852.000000
mm1 184000000 184999999 9347.000000
mm1 185000000 185999999 682.000000
mm1 186000000 186999999 3364.000000
mm1 187000000 187999999 24527.000000
mm1 188000000 188999999 2266.000000
mm1 189000000 189999999 3372.000000
mm1 190000000 190999999 1271.000000
mm1 191000000 191999999 1240.000000
mm1 192000000 192999999 2254.000000
mm1 193000000 193999999 26700.000000
mm1 194000000 194999999 865.000000
mm1 195000000 195999999 1015.000000
mm1 196000000 196999999 527.000000
