mm1 4000000 4999999 1924.000000
mm1 5000000 5999999 3323.000000
mm1 6000000 6999999 14848.000000
mm1 7000000 7999999 478.000000
mm1 8000000 8999999 78.000000
mm1 9000000 9999999 460.000000
mm1 10000000 10999999 2376.000000
mm1 11000000 11999999 1082.000000
mm1 12000000 12999999 3502.000000
mm1 13000000 13999999 1264.000000
mm1 14000000 14999999 2193.000000
mm1 15000000 15999999 1269.000000
mm1 16000000 16999999 3616.000000
mm1 17000000 17999999 1100.000000
mm1 19000000 19999999 1691.000000
mm1 20000000 20999999 3374.000000
mm1 22000000 22999999 1003.000000
mm1 23000000 23999999 2400.000000
mm1 24000000 24999999 4640.000000
mm1 25000000 25999999 751.000000
mm1 29000000 29999999 2254.000000
mm1 30000000 30999999 525.000000
mm1 31000000 31999999 98.000000
mm1 32000000 32999999 622.000000
mm1 33000000 33999999 313.000000
mm1 34000000 34999999 645.000000
mm1 36000000 36999999 5126.000000
mm1 37000000 37999999 252.000000
mm1 38000000 38999999 1054.000000
mm1 39000000 39999999 6046.000000
mm1 40000000 40999999 930.000000
mm1 43000000 43999999 1148.000000
mm1 44000000 44999999 1543.000000
mm1 45000000 45999999 2901.000000
mm1 46000000 46999999 2715.000000
mm1 47000000 47999999 1202.000000
mm1 48000000 48999999 2560.000000
mm1 49000000 49999999 2185.000000
mm1 51000000 51999999 1775.000000
mm1 52000000 52999999 3666.000000
mm1 53000000 53999999 811.000000
mm1 54000000 54999999 1532.000000
mm1 55000000 55999999 2378.000000
mm1 56000000 56999999 1552.000000
mm1 57000000 57999999 2045.000000
mm1 58000000 58999999 414.000000
mm1 59000000 59999999 2467.000000
mm1 60000000 60999999 707.000000
mm1 61000000 61999999 532.000000
mm1 62000000 62999999 1574.000000
mm1 63000000 63999999 2187.000000
mm1 64000000 64999999 10709.000000
mm1 65000000 65999999 1392.000000
mm1 66000000 66999999 4946.000000
mm1 67000000 67999999 128.000000
mm1 69000000 69999999 2679.000000
mm1 70000000 70999999 424.000000
mm1 71000000 71999999 2340.000000
mm1 72000000 72999999 2410.000000
mm1 74000000 74999999 1852.000000
mm1 75000000 75999999 7129.000000
mm1 77000000 77999999 524.000000
mm1 78000000 78999999 290.000000
mm1 79000000 79999999 1440.000000
mm1 80000000 80999999 2885.000000
mm1 83000000 83999999 292.000000
mm1 84000000 84999999 1695.000000
mm1 88000000 88999999 2608.000000
mm1 89000000 89999999 1003.000000
mm1 90000000 90999999 862.000000
mm1 91000000 91999999 974.000000
mm1 94000000 94999999 6010.000000
mm1 95000000 95999999 8303.000000
mm1 96000000 96999999 1802.000000
mm1 97000000 97999999 580.000000
mm1 98000000 98999999 1227.000000
mm1 99000000 99999999 390.000000
mm1 100000000 100999999 3683.000000
mm1 101000000 101999999 546.000000
mm1 102000000 102999999 16819.000000
mm1 103000000 103999999 2118.000000
mm1 105000000 105999999 84.000000
mm1 106000000 106999999 816.000000
mm1 107000000 107999999 17042.000000
mm1 108000000 108999999 1746.000000
mm1 110000000 110999999 2004.000000
mm1 113000000 113999999 72.000000
mm1 114000000 114999999 3014.000000
mm1 118000000 118999999 800.000000
mm1 119000000 119999999 8499.000000
mm1 120000000 120999999 1564.000000
mm1 121000000 121999999 3909.000000
mm1 123000000 123999999 1417.000000
mm1 125000000 125999999 1244.000000
mm1 127000000 127999999 17512.000000
mm1 129000000 129999999 1412.000000
mm1 130000000 130999999 215.000000
mm1 131000000 131999999 465.000000
mm1 132000000 132999999 1967.000000
mm1 133000000 133999999 658.000000
mm1 134000000 134999999 4261.000000
mm1 135000000 135999999 4436.000000
mm1 136000000 136999999 39075.000000
mm1 137000000 137999999 1065.000000
mm1 138000000 138999999 1536.000000
mm1 140000000 140999999 1208.000000
mm1 141000000 141999999 988.000000
mm1 142000000 142999999 141.000000
mm1 144000000 144999999 1412.000000
mm1 145000000 145999999 300.000000
mm1 146000000 146999999 502.000000
mm1 147000000 147999999 2810.000000
mm1 148000000 148999999 4945.000000
mm1 149000000 149999999 9086.000000
mm1 151000000 151999999 2413.000000
mm1 152000000 152999999 1648.000000
mm1 153000000 153999999 4814.000000
mm1 154000000 154999999 2095.000000
mm1 155000000 155999999 2616.000000
mm1 156000000 156999999 1115.000000
mm1 157000000 157999999 1210.000000
mm1 158000000 158999999 427.000000
mm1 159000000 159999999 2265.000000
mm1 161000000 161999999 377.000000
mm1 162000000 162999999 2006.000000
mm1 163000000 163999999 1040.000000
mm1 164000000 164999999 449.000000
mm1 165000000 165999999 171.000000
mm1 166000000 166999999 461.000000
mm1 167000000 167999999 333.000000
mm1 168000000 168999999 1551.000000
mm1 169000000 169999999 1158.000000
mm1 172000000 172999999 684.000000
mm1 173000000 173999999 3279.000000
mm1 174000000 174999999 6724.000000
mm1 175000000 175999999 3508.000000
mm1 176000000 176999999 9566.000000
mm1 178000000 178999999 87.000000
mm1 179000000 179999999 2292.000000
mm1 180000000 180999999 419.000000
mm1 181000000 181999999 979.000000
mm1 182000000 182999999 2803.000000
mm1 183000000 183999999 892.000000
mm1 184000000 184999999 3072.000000
mm1 185000000 185999999 350.000000
mm1 187000000 187999999 99.000000
mm1 188000000 188999999 3531.000000
mm1 189000000 189999999 416.000000
mm1 190000000 190999999 647.000000
mm1 191000000 191999999 473.000000
mm1 192000000 192999999 986.000000
mm1 193000000 193999999 12778.000000
mm1 194000000 194999999 347.000000
mm1 196000000 196999999 7291.000000
