mm1 4000000 4999999 4943.000000
mm1 5000000 5999999 2496.000000
mm1 6000000 6999999 13922.000000
mm1 7000000 7999999 7832.000000
mm1 8000000 8999999 3256.000000
mm1 9000000 9999999 6906.000000
mm1 10000000 10999999 3481.000000
mm1 11000000 11999999 2118.000000
mm1 12000000 12999999 2340.000000
mm1 13000000 13999999 7099.000000
mm1 14000000 14999999 3708.000000
mm1 15000000 15999999 5511.000000
mm1 16000000 16999999 10919.000000
mm1 17000000 17999999 4625.000000
mm1 18000000 18999999 526.000000
mm1 19000000 19999999 1925.000000
mm1 20000000 20999999 1920.000000
mm1 21000000 21999999 1815.000000
mm1 22000000 22999999 2061.000000
mm1 23000000 23999999 1660.000000
mm1 24000000 24999999 6961.000000
mm1 25000000 25999999 1409.000000
mm1 26000000 26999999 1225.000000
mm1 27000000 27999999 539.000000
mm1 28000000 28999999 2797.000000
mm1 29000000 29999999 3712.000000
mm1 30000000 30999999 760.000000
mm1 31000000 31999999 5411.000000
mm1 32000000 32999999 1024.000000
mm1 33000000 33999999 3698.000000
mm1 34000000 34999999 2596.000000
mm1 35000000 35999999 465.000000
mm1 36000000 36999999 19312.000000
mm1 37000000 37999999 1258.000000
mm1 38000000 38999999 1579.000000
mm1 39000000 39999999 5785.000000
mm1 40000000 40999999 2354.000000
mm1 42000000 42999999 2128.000000
mm1 43000000 43999999 3394.000000
mm1 44000000 44999999 5112.000000
mm1 45000000 45999999 3629.000000
mm1 46000000 46999999 4753.000000
mm1 47000000 47999999 2425.000000
mm1 48000000 48999999 5427.000000
mm1 49000000 49999999 5264.000000
mm1 50000000 50999999 285.000000
mm1 51000000 51999999 1684.000000
mm1 52000000 52999999 5763.000000
mm1 53000000 53999999 5571.000000
mm1 54000000 54999999 410.000000
mm1 55000000 55999999 9975.000000
mm1 56000000 56999999 660.000000
mm1 57000000 57999999 3585.000000
mm1 58000000 58999999 1697.000000
mm1 59000000 59999999 4520.000000
mm1 60000000 60999999 9868.000000
mm1 61000000 61999999 3012.000000
mm1 62000000 62999999 4140.000000
mm1 63000000 63999999 6266.000000
mm1 64000000 64999999 51529.000000
mm1 65000000 65999999 20605.000000
mm1 66000000 66999999 7622.000000
mm1 67000000 67999999 339.000000
mm1 68000000 68999999 720.000000
mm1 69000000 69999999 1223.000000
mm1 70000000 70999999 1200.000000
mm1 71000000 71999999 3086.000000
mm1 72000000 72999999 6502.000000
mm1 73000000 73999999 499.000000
mm1 74000000 74999999 3070.000000
mm1 75000000 75999999 10155.000000
mm1 76000000 76999999 245.000000
mm1 77000000 77999999 2841.000000
mm1 78000000 78999999 34562.000000
mm1 79000000 79999999 773.000000
mm1 80000000 80999999 1138.000000
mm1 81000000 81999999 1126.000000
mm1 82000000 82999999 973.000000
mm1 83000000 83999999 2247.000000
mm1 84000000 84999999 1103.000000
mm1 85000000 85999999 715.000000
mm1 87000000 87999999 103.000000
mm1 88000000 88999999 1789.000000
mm1 89000000 89999999 5297.000000
mm1 90000000 90999999 1567.000000
mm1 91000000 91999999 14965.000000
mm1 92000000 92999999 234.000000
mm1 93000000 93999999 3261.000000
mm1 94000000 94999999 9604.000000
mm1 95000000 95999999 3812.000000
mm1 96000000 96999999 2285.000000
mm1 97000000 97999999 1650.000000
mm1 98000000 98999999 3417.000000
mm1 99000000 99999999 1153.000000
mm1 100000000 100999999 2057.000000
mm1 101000000 101999999 1463.000000
mm1 102000000 102999999 1728.000000
mm1 103000000 103999999 595.000000
mm1 104000000 104999999 341.000000
mm1 105000000 105999999 392.000000
mm1 106000000 106999999 2458.000000
mm1 107000000 107999999 8536.000000
mm1 108000000 108999999 1988.000000
mm1 109000000 109999999 3377.000000
mm1 110000000 110999999 412.000000
mm1 111000000 111999999 1398.000000
mm1 112000000 112999999 1245.000000
mm1 113000000 113999999 3660.000000
mm1 114000000 114999999 13489.000000
mm1 115000000 115999999 833.000000
mm1 117000000 117999999 1587.000000
mm1 118000000 118999999 4451.000000
mm1 119000000 119999999 16877.000000
mm1 120000000 120999999 22231.000000
mm1 121000000 121999999 5340.000000
mm1 122000000 122999999 2717.000000
mm1 123000000 123999999 16424.000000
mm1 124000000 124999999 4762.000000
mm1 125000000 125999999 1681.000000
mm1 126000000 126999999 498.000000
mm1 127000000 127999999 18102.000000
mm1 128000000 128999999 901.000000
mm1 129000000 129999999 3167.000000
mm1 130000000 130999999 3092.000000
mm1 131000000 131999999 487.000000
mm1 132000000 132999999 9040.000000
mm1 133000000 133999999 8438.000000
mm1 134000000 134999999 1966.000000
mm1 135000000 135999999 9320.000000
mm1 136000000 136999999 15018.000000
mm1 137000000 137999999 2035.000000
mm1 138000000 138999999 3757.000000
mm1 139000000 139999999 1222.000000
mm1 140000000 140999999 1938.000000
mm1 141000000 141999999 1599.000000
mm1 142000000 142999999 147.000000
mm1 143000000 143999999 1248.000000
mm1 144000000 144999999 394.000000
mm1 145000000 145999999 1381.000000
mm1 146000000 146999999 921.000000
mm1 147000000 147999999 4844.000000
mm1 148000000 148999999 794.000000
mm1 149000000 149999999 2811.000000
mm1 150000000 150999999 6039.000000
mm1 151000000 151999999 5368.000000
mm1 152000000 152999999 4197.000000
mm1 153000000 153999999 5682.000000
mm1 154000000 154999999 3606.000000
mm1 155000000 155999999 2338.000000
mm1 156000000 156999999 2425.000000
mm1 157000000 157999999 2792.000000
mm1 158000000 158999999 2562.000000
mm1 159000000 159999999 3733.000000
mm1 160000000 160999999 577.000000
mm1 161000000 161999999 1247.000000
mm1 162000000 162999999 8858.000000
mm1 163000000 163999999 1730.000000
mm1 164000000 164999999 2370.000000
mm1 165000000 165999999 1354.000000
mm1 166000000 166999999 1028.000000
mm1 167000000 167999999 6576.000000
mm1 168000000 168999999 7045.000000
mm1 169000000 169999999 2992.000000
mm1 171000000 171999999 27692.000000
mm1 172000000 172999999 3054.000000
mm1 173000000 173999999 12161.000000
mm1 174000000 174999999 6985.000000
mm1 175000000 175999999 7145.000000
mm1 176000000 176999999 14489.000000
mm1 177000000 177999999 75079.000000
mm1 178000000 178999999 5916.000000
mm1 179000000 179999999 4242.000000
mm1 180000000 180999999 1386.000000
mm1 181000000 181999999 3803.000000
mm1 182000000 182999999 5634.000000
mm1 183000000 183999999 1955.000000
mm1 184000000 184999999 10214.000000
mm1 185000000 185999999 852.000000
mm1 186000000 186999999 5916.000000
mm1 187000000 187999999 819.000000
mm1 188000000 188999999 2357.000000
mm1 189000000 189999999 855.000000
mm1 190000000 190999999 1719.000000
mm1 191000000 191999999 131.000000
mm1 192000000 192999999 2741.000000
mm1 193000000 193999999 3185.000000
mm1 194000000 194999999 1046.000000
mm1 195000000 195999999 3808.000000
mm1 196000000 196999999 497.000000
