rn1 0 999999 1047.000000
rn1 1000000 1999999 660.000000
rn1 2000000 2999999 2180.000000
rn1 3000000 3999999 427.000000
rn1 4000000 4999999 3086.000000
rn1 5000000 5999999 4488.000000
rn1 6000000 6999999 2393.000000
rn1 7000000 7999999 2991.000000
rn1 8000000 8999999 1343.000000
rn1 9000000 9999999 1244.000000
rn1 10000000 10999999 1104.000000
rn1 11000000 11999999 2590.000000
rn1 12000000 12999999 1916.000000
rn1 13000000 13999999 1104.000000
rn1 14000000 14999999 2004.000000
rn1 15000000 15999999 1365.000000
rn1 16000000 16999999 3709.000000
rn1 17000000 17999999 4437.000000
rn1 18000000 18999999 666.000000
rn1 19000000 19999999 2484.000000
rn1 20000000 20999999 3246.000000
rn1 21000000 21999999 750.000000
rn1 22000000 22999999 2941.000000
rn1 23000000 23999999 2711.000000
rn1 24000000 24999999 3466.000000
rn1 26000000 26999999 2189.000000
rn1 27000000 27999999 949.000000
rn1 28000000 28999999 2451.000000
rn1 29000000 29999999 6952.000000
rn1 30000000 30999999 8418.000000
rn1 31000000 31999999 302.000000
rn1 32000000 32999999 302.000000
rn1 33000000 33999999 757.000000
rn1 34000000 34999999 2372.000000
rn1 35000000 35999999 1727.000000
rn1 36000000 36999999 1549.000000
rn1 37000000 37999999 2084.000000
rn1 38000000 38999999 657.000000
rn1 40000000 40999999 900.000000
rn1 41000000 41999999 1944.000000
rn1 42000000 42999999 5272.000000
rn1 43000000 43999999 735.000000
rn1 44000000 44999999 313.000000
rn1 45000000 45999999 2630.000000
rn1 46000000 46999999 4911.000000
rn1 47000000 47999999 3720.000000
rn1 48000000 48999999 1962.000000
rn1 49000000 49999999 4435.000000
rn1 54000000 54999999 5210.000000
rn1 55000000 55999999 3343.000000
rn1 56000000 56999999 775.000000
rn1 57000000 57999999 3837.000000
rn1 58000000 58999999 1810.000000
rn1 59000000 59999999 16676.000000
rn1 60000000 60999999 8675.000000
rn1 61000000 61999999 917.000000
rn1 62000000 62999999 4721.000000
rn1 63000000 63999999 13836.000000
rn1 64000000 64999999 25888.000000
rn1 65000000 65999999 27843.000000
rn1 66000000 66999999 8506.000000
rn1 67000000 67999999 22644.000000
rn1 68000000 68999999 289.000000
rn1 69000000 69999999 2122.000000
rn1 71000000 71999999 1999.000000
rn1 72000000 72999999 15482.000000
rn1 73000000 73999999 4909.000000
rn1 76000000 76999999 17344.000000
rn1 77000000 77999999 2786.000000
rn1 78000000 78999999 10128.000000
rn1 79000000 79999999 32092.000000
rn1 80000000 80999999 5957.000000
rn1 81000000 81999999 1749.000000
rn1 82000000 82999999 8367.000000
rn1 83000000 83999999 12634.000000
rn1 84000000 84999999 29309.000000
rn1 85000000 85999999 14691.000000
rn1 86000000 86999999 6682.000000
rn1 87000000 87999999 4403.000000
rn1 88000000 88999999 1749.000000
rn1 89000000 89999999 1591.000000
rn1 90000000 90999999 3925.000000
rn1 91000000 91999999 2768.000000
rn1 92000000 92999999 3005.000000
rn1 93000000 93999999 22584.000000
rn1 94000000 94999999 8731.000000
rn1 95000000 95999999 38064.000000
rn1 96000000 96999999 62380.000000
rn1 97000000 97999999 3402.000000
rn1 98000000 98999999 1644.000000
rn1 99000000 99999999 2522.000000
rn1 100000000 100999999 522.000000
rn1 101000000 101999999 2059.000000
rn1 102000000 102999999 6374.000000
rn1 103000000 103999999 3650.000000
rn1 104000000 104999999 524.000000
rn1 105000000 105999999 192.000000
rn1 106000000 106999999 4533.000000
rn1 107000000 107999999 2103.000000
rn1 108000000 108999999 3794.000000
rn1 109000000 109999999 2591.000000
rn1 110000000 110999999 794.000000
rn1 111000000 111999999 2300.000000
rn1 112000000 112999999 399.000000
rn1 113000000 113999999 4360.000000
rn1 114000000 114999999 1289.000000
rn1 116000000 116999999 792.000000
rn1 117000000 117999999 114.000000
rn1 118000000 118999999 8152.000000
rn1 119000000 119999999 2330.000000
rn1 120000000 120999999 1038.000000
rn1 122000000 122999999 4720.000000
rn1 123000000 123999999 928.000000
rn1 124000000 124999999 2211.000000
rn1 125000000 125999999 244.000000
rn1 126000000 126999999 1103.000000
rn1 127000000 127999999 944.000000
rn1 128000000 128999999 4096.000000
rn1 129000000 129999999 2092.000000
rn1 130000000 130999999 2425.000000
rn1 131000000 131999999 2816.000000
rn1 132000000 132999999 842.000000
rn1 133000000 133999999 782.000000
rn1 134000000 134999999 814.000000
rn1 135000000 135999999 2215.000000
rn1 136000000 136999999 16948.000000
rn1 137000000 137999999 4278.000000
rn1 138000000 138999999 6377.000000
rn1 139000000 139999999 799.000000
rn1 140000000 140999999 5394.000000
rn1 141000000 141999999 2838.000000
rn1 142000000 142999999 24470.000000
rn1 143000000 143999999 1166.000000
rn1 144000000 144999999 4258.000000
rn1 145000000 145999999 5912.000000
rn1 146000000 146999999 7007.000000
rn1 147000000 147999999 1889.000000
rn1 148000000 148999999 1829.000000
rn1 149000000 149999999 5556.000000
rn1 150000000 150999999 2821.000000
rn1 151000000 151999999 1340.000000
rn1 152000000 152999999 1907.000000
rn1 153000000 153999999 757.000000
rn1 154000000 154999999 731.000000
rn1 155000000 155999999 23464.000000
rn1 156000000 156999999 16588.000000
rn1 157000000 157999999 5550.000000
rn1 158000000 158999999 4062.000000
rn1 159000000 159999999 4148.000000
rn1 160000000 160999999 23840.000000
rn1 161000000 161999999 23496.000000
rn1 162000000 162999999 28694.000000
rn1 163000000 163999999 11135.000000
rn1 164000000 164999999 25701.000000
rn1 165000000 165999999 30147.000000
rn1 166000000 166999999 19233.000000
rn1 167000000 167999999 17084.000000
rn1 168000000 168999999 3335.000000
rn1 169000000 169999999 867.000000
rn1 171000000 171999999 4155.000000
rn1 172000000 172999999 1645.000000
rn1 173000000 173999999 136.000000
rn1 174000000 174999999 1285.000000
rn1 175000000 175999999 7063.000000
rn1 176000000 176999999 9477.000000
rn1 177000000 177999999 5753.000000
rn1 178000000 178999999 3151.000000
rn1 179000000 179999999 27896.000000
rn1 180000000 180999999 14267.000000
rn1 181000000 181999999 10646.000000
rn1 182000000 182999999 17167.000000
rn1 183000000 183999999 1129.000000
rn1 184000000 184999999 123.000000
rn1 185000000 185999999 20613.000000
rn1 186000000 186999999 41194.000000
rn1 187000000 187999999 11337.000000
rn1 188000000 188999999 5925.000000
rn1 189000000 189999999 50.000000
rn1 190000000 190999999 5409.000000
rn1 191000000 191999999 1548.000000
rn1 192000000 192999999 3571.000000
rn1 193000000 193999999 1109.000000
rn1 195000000 195999999 1264.000000
rn1 196000000 196999999 131.000000
rn1 197000000 197999999 974.000000
rn1 198000000 198999999 1731.000000
rn1 199000000 199999999 2817.000000
rn1 200000000 200999999 25236.000000
rn1 201000000 201999999 9397.000000
rn1 202000000 202999999 11780.000000
rn1 204000000 204999999 7636.000000
rn1 205000000 205999999 2562.000000
rn1 206000000 206999999 44632.000000
rn1 207000000 207999999 10152.000000
rn1 208000000 208999999 5177.000000
rn1 209000000 209999999 16591.000000
rn1 210000000 210999999 3639.000000
rn1 211000000 211999999 4405.000000
rn1 212000000 212999999 13414.000000
rn1 213000000 213999999 6916.000000
rn1 214000000 214999999 14377.000000
rn1 215000000 215999999 16070.000000
rn1 216000000 216999999 39803.000000
rn1 217000000 217999999 4538.000000
rn1 218000000 218999999 1514.000000
rn1 219000000 219999999 3162.000000
rn1 220000000 220999999 1492.000000
rn1 221000000 221999999 475.000000
rn1 222000000 222999999 3447.000000
rn1 223000000 223999999 1847.000000
rn1 224000000 224999999 7917.000000
rn1 225000000 225999999 1908.000000
rn1 226000000 226999999 1157.000000
rn1 227000000 227999999 1855.000000
rn1 228000000 228999999 3814.000000
rn1 229000000 229999999 1185.000000
rn1 230000000 230999999 635.000000
rn1 231000000 231999999 1756.000000
rn1 232000000 232999999 12439.000000
rn1 233000000 233999999 2773.000000
rn1 234000000 234999999 1189.000000
rn1 236000000 236999999 4324.000000
rn1 237000000 237999999 1644.000000
rn1 238000000 238999999 3874.000000
rn1 239000000 239999999 1220.000000
rn1 240000000 240999999 284.000000
rn1 241000000 241999999 2461.000000
rn1 242000000 242999999 5464.000000
rn1 243000000 243999999 241.000000
rn1 245000000 245999999 7399.000000
rn1 246000000 246999999 311.000000
rn1 247000000 247999999 677.000000
rn1 248000000 248999999 21605.000000
rn1 249000000 249999999 49461.000000
rn1 250000000 250999999 2969.000000
rn1 251000000 251999999 9894.000000
rn1 252000000 252999999 5347.000000
rn1 253000000 253999999 1399.000000
rn1 254000000 254999999 1546.000000
rn1 255000000 255999999 2110.000000
rn1 256000000 256999999 634.000000
rn1 257000000 257999999 1698.000000
rn1 258000000 258999999 3505.000000
rn1 259000000 259999999 1846.000000
rn1 260000000 260999999 102.000000
rn1 261000000 261999999 5070.000000
rn1 262000000 262999999 1159.000000
rn1 263000000 263999999 2327.000000
rn1 264000000 264999999 280.000000
rn1 265000000 265999999 2995.000000
rn1 266000000 266999999 4051.000000
rn1 267000000 267999999 3197.000000
