mm1 4000000 4999999 17390.000000
mm1 5000000 5999999 3369.000000
mm1 6000000 6999999 15337.000000
mm1 7000000 7999999 2939.000000
mm1 8000000 8999999 3318.000000
mm1 9000000 9999999 8901.000000
mm1 10000000 10999999 3682.000000
mm1 11000000 11999999 2076.000000
mm1 12000000 12999999 2873.000000
mm1 13000000 13999999 6918.000000
mm1 14000000 14999999 3519.000000
mm1 15000000 15999999 6498.000000
mm1 16000000 16999999 6186.000000
mm1 17000000 17999999 5992.000000
mm1 18000000 18999999 801.000000
mm1 19000000 19999999 1974.000000
mm1 20000000 20999999 3931.000000
mm1 21000000 21999999 1804.000000
mm1 22000000 22999999 3437.000000
mm1 23000000 23999999 5307.000000
mm1 24000000 24999999 7971.000000
mm1 25000000 25999999 1480.000000
mm1 26000000 26999999 1824.000000
mm1 27000000 27999999 4266.000000
mm1 28000000 28999999 947.000000
mm1 29000000 29999999 4909.000000
mm1 30000000 30999999 287.000000
mm1 31000000 31999999 5219.000000
mm1 32000000 32999999 5651.000000
mm1 33000000 33999999 4212.000000
mm1 34000000 34999999 3387.000000
mm1 35000000 35999999 350.000000
mm1 36000000 36999999 7289.000000
mm1 37000000 37999999 2869.000000
mm1 38000000 38999999 2051.000000
mm1 39000000 39999999 11424.000000
mm1 40000000 40999999 11975.000000
mm1 41000000 41999999 154.000000
mm1 42000000 42999999 1644.000000
mm1 43000000 43999999 8242.000000
mm1 44000000 44999999 9354.000000
mm1 45000000 45999999 5550.000000
mm1 46000000 46999999 43108.000000
mm1 47000000 47999999 5853.000000
mm1 48000000 48999999 5364.000000
mm1 49000000 49999999 5368.000000
mm1 50000000 50999999 288.000000
mm1 51000000 51999999 2347.000000
mm1 52000000 52999999 6657.000000
mm1 53000000 53999999 17544.000000
mm1 54000000 54999999 14438.000000
mm1 55000000 55999999 22557.000000
mm1 56000000 56999999 3139.000000
mm1 57000000 57999999 2548.000000
mm1 58000000 58999999 22346.000000
mm1 59000000 59999999 8512.000000
mm1 60000000 60999999 25556.000000
mm1 61000000 61999999 2757.000000
mm1 62000000 62999999 1577.000000
mm1 63000000 63999999 5383.000000
mm1 64000000 64999999 7375.000000
mm1 65000000 65999999 18079.000000
mm1 66000000 66999999 13123.000000
mm1 67000000 67999999 134.000000
mm1 68000000 68999999 932.000000
mm1 69000000 69999999 1230.000000
mm1 70000000 70999999 1364.000000
mm1 71000000 71999999 1815.000000
mm1 72000000 72999999 4155.000000
mm1 74000000 74999999 25727.000000
mm1 75000000 75999999 15639.000000
mm1 76000000 76999999 454.000000
mm1 77000000 77999999 20133.000000
mm1 78000000 78999999 27009.000000
mm1 79000000 79999999 2607.000000
mm1 80000000 80999999 1201.000000
mm1 81000000 81999999 3054.000000
mm1 82000000 82999999 6290.000000
mm1 83000000 83999999 1587.000000
mm1 84000000 84999999 2345.000000
mm1 85000000 85999999 716.000000
mm1 87000000 87999999 126.000000
mm1 88000000 88999999 7608.000000
mm1 89000000 89999999 12475.000000
mm1 90000000 90999999 1874.000000
mm1 91000000 91999999 1177.000000
mm1 92000000 92999999 29006.000000
mm1 93000000 93999999 18699.000000
mm1 94000000 94999999 11591.000000
mm1 95000000 95999999 3028.000000
mm1 96000000 96999999 2878.000000
mm1 97000000 97999999 635.000000
mm1 98000000 98999999 2930.000000
mm1 99000000 99999999 2107.000000
mm1 100000000 100999999 2444.000000
mm1 101000000 101999999 2546.000000
mm1 102000000 102999999 1541.000000
mm1 103000000 103999999 2234.000000
mm1 104000000 104999999 407.000000
mm1 105000000 105999999 92.000000
mm1 106000000 106999999 5080.000000
mm1 107000000 107999999 9796.000000
mm1 108000000 108999999 1878.000000
mm1 109000000 109999999 3210.000000
mm1 110000000 110999999 1720.000000
mm1 111000000 111999999 2266.000000
mm1 112000000 112999999 483.000000
mm1 113000000 113999999 2673.000000
mm1 114000000 114999999 3261.000000
mm1 116000000 116999999 134.000000
mm1 117000000 117999999 217.000000
mm1 118000000 118999999 4845.000000
mm1 119000000 119999999 15417.000000
mm1 120000000 120999999 25696.000000
mm1 121000000 121999999 9419.000000
mm1 122000000 122999999 1001.000000
mm1 123000000 123999999 2591.000000
mm1 124000000 124999999 225.000000
mm1 125000000 125999999 2998.000000
mm1 126000000 126999999 722.000000
mm1 127000000 127999999 11116.000000
mm1 128000000 128999999 1018.000000
mm1 129000000 129999999 1190.000000
mm1 130000000 130999999 7476.000000
mm1 131000000 131999999 541.000000
mm1 132000000 132999999 14102.000000
mm1 133000000 133999999 23230.000000
mm1 134000000 134999999 12686.000000
mm1 135000000 135999999 20874.000000
mm1 136000000 136999999 16168.000000
mm1 137000000 137999999 29513.000000
mm1 138000000 138999999 15760.000000
mm1 139000000 139999999 2174.000000
mm1 140000000 140999999 5211.000000
mm1 141000000 141999999 3362.000000
mm1 142000000 142999999 281.000000
mm1 143000000 143999999 993.000000
mm1 144000000 144999999 2481.000000
mm1 145000000 145999999 2367.000000
mm1 146000000 146999999 4322.000000
mm1 147000000 147999999 7396.000000
mm1 148000000 148999999 1307.000000
mm1 149000000 149999999 844.000000
mm1 150000000 150999999 968.000000
mm1 151000000 151999999 7397.000000
mm1 152000000 152999999 3539.000000
mm1 153000000 153999999 5877.000000
mm1 154000000 154999999 3976.000000
mm1 155000000 155999999 3112.000000
mm1 156000000 156999999 6040.000000
mm1 157000000 157999999 5582.000000
mm1 158000000 158999999 26951.000000
mm1 159000000 159999999 4097.000000
mm1 160000000 160999999 418.000000
mm1 161000000 161999999 2708.000000
mm1 162000000 162999999 1661.000000
mm1 163000000 163999999 2427.000000
mm1 164000000 164999999 2365.000000
mm1 165000000 165999999 2406.000000
mm1 166000000 166999999 2034.000000
mm1 167000000 167999999 9259.000000
mm1 168000000 168999999 6703.000000
mm1 169000000 169999999 3422.000000
mm1 170000000 170999999 8658.000000
mm1 171000000 171999999 2308.000000
mm1 172000000 172999999 4011.000000
mm1 173000000 173999999 6359.000000
mm1 174000000 174999999 6202.000000
mm1 175000000 175999999 8913.000000
mm1 176000000 176999999 11546.000000
mm1 177000000 177999999 437.000000
mm1 178000000 178999999 2630.000000
mm1 179000000 179999999 5352.000000
mm1 180000000 180999999 2637.000000
mm1 181000000 181999999 5117.000000
mm1 182000000 182999999 15599.000000
mm1 183000000 183999999 25453.000000
mm1 184000000 184999999 12375.000000
mm1 185000000 185999999 934.000000
mm1 186000000 186999999 6642.000000
mm1 187000000 187999999 1596.000000
mm1 188000000 188999999 3186.000000
mm1 189000000 189999999 1366.000000
mm1 190000000 190999999 1029.000000
mm1 191000000 191999999 591.000000
mm1 192000000 192999999 960.000000
mm1 193000000 193999999 9662.000000
mm1 194000000 194999999 1565.000000
mm1 195000000 195999999 12674.000000
mm1 196000000 196999999 26641.000000
mm1 197000000 197999999 2818.000000
