hs12 0 49999999 439400.000000
hs12 50000000 99999999 553679.000000
hs12 100000000 149999999 153691.000000
hs22 0 49999999 255021.000000
hs22 50000000 99999999 11878.000000
hs11 0 49999999 356293.000000
hs11 50000000 99999999 443966.000000
hs11 100000000 149999999 208834.000000
hs10 0 49999999 821582.000000
hs10 50000000 99999999 342155.000000
hs10 100000000 149999999 171001.000000
hs7 0 49999999 230614.000000
hs7 50000000 99999999 380942.000000
hs7 100000000 149999999 346246.000000
hs7 150000000 199999999 85906.000000
hs20 0 49999999 319726.000000
hs20 50000000 99999999 82325.000000
hs16 0 49999999 347231.000000
hs16 50000000 99999999 317264.000000
hs4 0 49999999 156001.000000
hs4 50000000 99999999 189394.000000
hs4 100000000 149999999 373029.000000
hs4 150000000 199999999 114001.000000
hs18 0 49999999 169531.000000
hs18 50000000 99999999 7100982.000000
hs13 0 49999999 173131.000000
hs13 50000000 99999999 157485.000000
hs13 100000000 149999999 387988.000000
hs3 0 49999999 347130.000000
hs3 50000000 99999999 262316.000000
hs3 100000000 149999999 308012.000000
hs3 150000000 199999999 172767.000000
hs9 0 49999999 212303.000000
hs9 50000000 99999999 225608.000000
hs9 100000000 149999999 530685.000000
hs15 0 49999999 282741.000000
hs15 50000000 99999999 291402.000000
hs15 100000000 149999999 31447.000000
hs5 0 49999999 138213.000000
hs5 50000000 99999999 3542345.000000
hs5 100000000 149999999 1132415.000000
hs5 150000000 199999999 216761.000000
hs19 0 49999999 1045049.000000
hs19 50000000 99999999 279085.000000
hs1 0 49999999 747399.000000
hs1 50000000 99999999 160541.000000
hs1 100000000 149999999 758086.000000
hs1 150000000 199999999 49126507.000000
hs1 200000000 249999999 27512818.000000
hs2 0 49999999 228980.000000
hs2 50000000 99999999 9979829.000000
hs2 100000000 149999999 19788360.000000
hs2 150000000 199999999 53831422.000000
hs2 200000000 249999999 1171789.000000
hs8 0 49999999 230666.000000
hs8 50000000 99999999 13749023.000000
hs8 100000000 149999999 184982.000000
hs6 0 49999999 3198855.000000
hs6 50000000 99999999 17979676.000000
hs6 100000000 149999999 154893.000000
hs6 150000000 199999999 120708.000000
hs17 0 49999999 558042.000000
hs17 50000000 99999999 190437.000000
hs14 0 49999999 204273.000000
hs14 50000000 99999999 265960.000000
hs14 100000000 149999999 86085.000000
hs21 0 49999999 115405.000000
