255 153 153
204 0 51
255 153 51
102 0 0
255 51 102
255 204 204
255 204 153
153 051 0
255 255 051
255 255 153
255 0 0
153 102 0
255 102 0
255 102 102
204 153 0
255 204 0
255 153 0
255 0 102
204 102 0
255 102 153
255 51 0
0 255 204
102 255 255
0 255 255
51 255 204
0 153 153
0 204 204
0 102 102
204 255 255
255 255 180
255 240 191
255 153 200
255 164 200
255 224 203
255 192 201
255 175 201
255 208 202
255 204 255
204 153 255
153 51 255
102 0 102
153 0 204
255 153 255
255 102 204
153 0 153
255 0 255
204 0 153
204 51 255
204 255 204
204 255 102
204 255 153
153 255 0
153 204 0
102 153 0
51 255 51
153 255 153
204 255 0
0 255 0
204 255 51
204 204 255
153 204 255
153 153 255
102 102 255
102 153 255
102 204 255
51 51 255
51 153 255
0 102 255
51 102 255
0 153 255
0 204 244
0 51 255
0 0 255
0 0 153
32 32 32
64 64 64
96 96 96
128 128 128
159 159 159
191 191 191
223 223 223
255 64 0
207 255 48
