0.0117381545580976 0.0172443789717737 0.00126934015015748
0.00804553768264376 0.0182802052422133 0.00209596064328775
0.00463622767866837 0.0155436164609987 0.0103198066540191
0.0078000184498169 0.00693794045174744 0.0120879942810439
0.00335326583238508 0.00426186853179465 0.00171741414465801
0.0151947096586291 0.0174609950882114 0.00123730868775811
0.0144417204159705 0.016185643032816 0.00742927017490464
0.00215477780958698 0.0169782790490693 0.000818444037247613
0.0174931581871982 0.0123143327347883 0.0182068149999985
0.0190537303984252 0.000295058470187924 0.0187274405649579
0.00148654562200593 0.00993723837379141 0.00738840686734146
0.0115674962460551 0.00896450628641491 0.000773138125615369
0.0187262412447399 0.000719920907254577 0.0188692907910088
0.016473778167103 0.00379941283229052 0.00651865392891022
0.0110846101281346 0.0103374892069797 0.00503435443886776
0.0060533438446936 0.0157863852459599 0.000960631903140324
0.0186697203989985 0.0131914618594597 0.0162474752706377
0.0158952266989494 0.00592134252822499 0.013433538645348
0.00311839503222356 0.00352529257174486 0.00206315262014809
0.01140820422704 0.00702826682196362 0.0195955540172434
0.000877960149899588 0.00969895297056214 0.00994612152584704
0.00693202275701575 0.0162596114671843 0.00656210502321471
0.0124705050162699 0.0176751016352831 0.011340422374731
0.0129584844735884 0.00222885047623956 0.0078059384015767
0.00797948916510802 0.0118704372911917 0.00608036750396008
0.00354735649039127 0.0157694708838408 0.00184975317134332
0.00394392529339748 0.00216780504945712 0.0124236029757759
0.00458900730532063 0.0155708391244225 0.0150957501049178
0.0144256781705555 0.0172447330653714 0.0123623092360308
0.0079307388338944 0.00769010009019309 0.0199496839164634
0.000974523599058104 0.00890692861695193 0.0144169236642375
0.0135431690858376 0.0154992233484308 0.0157158769620395
0.010829475331659 0.00944687008078727 0.00845999550915472
0.0114733458311247 0.0112758899138115 0.0144831843782656
0.00414817240773356 0.00132819379442301 0.0159132508755653
0.0149831743749199 0.00240596302928271 0.00598998390002979
0.0090828512415748 0.0158343796129908 0.0109041964814152
0.0180937031983314 0.00144502711358378 0.0144978821582947
0.00125452311994645 0.00782630472911591 0.0158890823911844
0.0149095528787769 0.00135028614670701 0.002635031990792
0.0081969966258102 0.00803784396352644 0.015250060611099
0.00490457918946857 0.0121845264414257 0.00932023294876693
0.008840170067465 0.0176581165118247 0.0154350390252489
0.0133989003569702 0.0044513859821325 0.0143068463184652
0.0147701602994594 0.00259591401854657 0.00441090309614956
0.0118386480436203 0.0168458625846463 0.013103724876248
0.00309084945743054 0.00547699710292017 0.0156424418021982
0.00392730834088184 0.0186375054069552 0.0117030221441456
0.00784777910284898 0.00924141841275318 0.0172800935669983
0.00308846932161584 0.00920037693136356 0.0139208492025709
0.0117889814508755 0.00582401867167094 0.00484140849392888
0.00703110602510244 0.0105767858576539 0.0113241421273421
0.0178917319596994 0.00657846391781043 0.0203557591048798
0.00208685584420892 0.0133060067513725 0.0134194817024438
0.0132795487525182 0.00919296561918923 0.00594657168943803
0.0126653543836018 0.00995586983206313 0.00910987935433576
0.0119052168064504 0.00425530372505547 0.00669441298739029
0.0135928038206751 0.0100819235954266 0.00189985771780151
0.0179796425939894 0.0089164867649228 0.0171248997348647
0.00425814026146611 0.00406003183348286 0.00307137606425179
0.0111408540806383 0.0107638995453734 0.00744509533206972
0.00590841383490229 0.0164427662701607 0.0147697685686945
0.0114315070615508 0.00382534990979112 0.0106438358377738
0.0136427634828784 0.0170295759690098 0.00228603616338157
0.019436031192439 0.0174547211341507 0.00784827351035725
0.0110047108649342 0.00498120250311735 0.00332777335429103
0.0158693219609309 0.0172291594059233 0.0115193519375608
0.00417926668751116 0.00191742218689663 0.0129000535427473
0.00866135805945332 0.00697971355760168 0.000454277969599003
0.0104250343781252 0.0181432620741688 0.0129721739819306
0.0110116050365572 0.0112716497418086 0.0166472694682965
0.0136714169581883 0.0159959648678775 0.0180312926487948
0.015916297228837 0.0120485155839693 0.019135116169603
0.0130706468800409 0.0120474674524296 0.0113545432965299
0.0113931384824637 0.0114788890125732 0.00258999924825817
0.00893081146767127 0.0105560539034205 0.0148604651629784
0.013614654727974 0.0109980642955848 0.00640446928388193
0.0174083259756136 0.00812403020555597 0.0187769141151792
0.01742976783782 0.00681292272567862 0.010462120888868
0.0103326367928992 0.0171922195192196 0.00245782656834105
0.0152604314038812 0.00262592251055216 0.013054615587524
0.000930082940029366 0.00130149491205891 0.0087150383686688
0.000947892189953296 0.011283569434868 0.00575326773612201
0.0133913161962986 0.0157649658735336 0.0155292536220714
0.00151977325032922 0.00239084382020463 0.0109607505233612
0.00721755022643851 0.0112094728346425 0.0199016626831909
0.0100109092636036 0.000677228702922598 0.0076471204579878
0.000319243075618509 0.00654748901189528 0.0043642918700665
0.0101229484179836 0.0187726447061929 0.00712758243508301
0.00726824932899326 0.0152265904701654 0.00151698535620964
0.00687457349594437 0.0114687124101466 0.00651324475460293
0.0109018328902076 0.0154787277992533 0.00440438490157074
0.0181960774372154 0.0146179776860498 0.00369834941655022
0.00604422607069997 0.00909593245629266 0.0131646871768753
0.00296484268587489 0.0172915223879249 0.00864356254589431
0.0131850413169064 0.00447005251682895 0.0191045329739962
0.0109841527355128 0.00019297155791248 0.0102628816666712
0.0105384771931724 0.00853352571454337 0.006688442945348
0.0116985345997364 0.00440672910974158 0.0114980456826258
0.0114195185802441 0.0140643691877006 0.00528818618674122
